time,gt_x,gt_y,gt_vx,gt_vy,est_x,est_y,est_vx,est_vy,rmse_x,rmse_y,rmse_vx,rmse_vy
1477010443000000,0.600,0.600,5.200,0.000,0.312,0.580,0.000,0.000,0.288,0.020,5.200,0.000
1477010443050000,0.860,0.600,5.200,0.002,0.312,0.580,0.000,0.000,0.438,0.020,5.200,0.001
1477010443100000,1.120,0.600,5.199,0.005,1.173,0.481,7.826,-0.902,0.359,0.071,4.508,0.524
1477010443150000,1.380,0.601,5.199,0.011,1.173,0.481,7.826,-0.902,0.327,0.085,4.119,0.643
1477010443200000,1.640,0.601,5.198,0.018,1.654,0.622,4.868,1.365,0.293,0.077,3.687,0.833
1477010443250000,1.900,0.602,5.198,0.027,1.654,0.622,4.868,1.365,0.286,0.071,3.369,0.936
1477010443300000,2.160,0.604,5.197,0.038,2.181,0.667,5.109,0.814,0.264,0.070,3.119,0.915
1477010443350000,2.420,0.606,5.196,0.050,2.181,0.667,5.109,0.814,0.261,0.069,2.918,0.897
1477010443400000,2.679,0.609,5.195,0.065,2.666,0.690,4.993,0.548,0.247,0.070,2.752,0.861
1477010443450000,2.939,0.613,5.193,0.081,2.666,0.690,4.993,0.548,0.249,0.071,2.611,0.830
1477010443500000,3.199,0.617,5.191,0.099,3.070,0.678,4.617,0.283,0.241,0.070,2.496,0.794
1477010443550000,3.458,0.623,5.190,0.118,3.070,0.678,4.617,0.283,0.256,0.069,2.395,0.761
1477010443600000,3.718,0.629,5.188,0.140,3.740,0.479,5.396,-0.565,0.246,0.078,2.302,0.757
1477010443650000,3.977,0.637,5.185,0.163,3.740,0.479,5.396,-0.565,0.246,0.086,2.219,0.755
1477010443700000,4.236,0.645,5.183,0.188,4.296,0.509,5.458,-0.245,0.238,0.091,2.145,0.738
1477010443750000,4.495,0.655,5.180,0.214,4.296,0.509,5.458,-0.245,0.236,0.095,2.078,0.724
1477010443800000,4.754,0.667,5.176,0.243,4.577,0.708,4.459,0.600,0.233,0.093,2.023,0.708
1477010443850000,5.013,0.680,5.173,0.273,4.577,0.708,4.459,0.600,0.248,0.090,1.974,0.692
1477010443900000,5.272,0.694,5.169,0.304,5.289,0.704,5.472,0.355,0.242,0.088,1.922,0.674
1477010443950000,5.530,0.710,5.164,0.338,5.289,0.704,5.472,0.355,0.242,0.086,1.875,0.657
1477010444000000,5.788,0.728,5.159,0.373,5.936,0.723,5.851,0.292,0.238,0.084,1.836,0.641
1477010444050000,6.046,0.748,5.154,0.410,5.936,0.723,5.851,0.292,0.234,0.082,1.800,0.627
1477010444100000,6.304,0.769,5.148,0.448,6.425,0.858,5.485,0.694,0.230,0.082,1.762,0.615
1477010444150000,6.561,0.793,5.142,0.488,6.425,0.858,5.485,0.694,0.227,0.082,1.726,0.604
1477010444200000,6.818,0.818,5.135,0.530,6.871,0.813,5.094,0.259,0.223,0.080,1.691,0.594
1477010444250000,7.075,0.846,5.127,0.573,6.871,0.813,5.094,0.259,0.222,0.079,1.658,0.586
1477010444300000,7.331,0.875,5.119,0.618,7.250,0.902,4.598,0.501,0.218,0.077,1.630,0.575
1477010444350000,7.587,0.907,5.109,0.665,7.250,0.902,4.598,0.501,0.224,0.076,1.604,0.566
1477010444400000,7.842,0.942,5.100,0.712,7.761,0.827,4.793,0.025,0.220,0.078,1.577,0.570
1477010444450000,8.097,0.979,5.089,0.762,7.761,0.827,4.793,0.025,0.225,0.081,1.551,0.577
1477010444500000,8.351,1.018,5.078,0.813,8.244,0.835,4.809,0.047,0.222,0.086,1.527,0.584
1477010444550000,8.605,1.060,5.065,0.865,8.244,0.835,4.809,0.047,0.228,0.094,1.504,0.592
1477010444600000,8.858,1.105,5.052,0.919,8.736,0.952,4.851,0.472,0.225,0.096,1.481,0.588
1477010444650000,9.110,1.152,5.038,0.974,8.736,0.952,4.851,0.472,0.231,0.101,1.459,0.586
1477010444700000,9.362,1.202,5.023,1.031,9.240,1.026,4.921,0.574,0.229,0.104,1.439,0.583
1477010444750000,9.613,1.255,5.007,1.089,9.240,1.026,4.921,0.574,0.234,0.109,1.419,0.581
1477010444800000,9.863,1.311,4.989,1.148,9.902,1.278,5.567,1.314,0.231,0.108,1.402,0.574
1477010444850000,10.112,1.370,4.971,1.208,9.902,1.278,5.567,1.314,0.230,0.107,1.387,0.566
1477010444900000,10.360,1.432,4.951,1.270,10.346,1.436,5.139,1.415,0.227,0.106,1.370,0.560
1477010444950000,10.607,1.497,4.930,1.333,10.346,1.436,5.139,1.415,0.228,0.105,1.353,0.553
1477010445000000,10.853,1.565,4.908,1.397,10.791,1.511,4.876,1.160,0.226,0.104,1.336,0.547
1477010445050000,11.098,1.637,4.884,1.462,10.791,1.511,4.876,1.160,0.228,0.105,1.320,0.543
1477010445100000,11.342,1.712,4.859,1.528,11.444,1.620,5.506,1.136,0.226,0.105,1.309,0.540
1477010445150000,11.584,1.790,4.833,1.596,11.444,1.620,5.506,1.136,0.224,0.106,1.298,0.538
1477010445200000,11.825,1.871,4.805,1.664,11.879,1.740,5.065,1.161,0.222,0.107,1.284,0.537
1477010445250000,12.065,1.956,4.776,1.733,11.879,1.740,5.065,1.161,0.221,0.111,1.270,0.538
1477010445300000,12.303,2.045,4.745,1.803,12.352,1.817,4.937,1.012,0.219,0.114,1.257,0.545
1477010445350000,12.539,2.137,4.713,1.873,12.352,1.817,4.937,1.012,0.218,0.122,1.244,0.553
1477010445400000,12.774,2.232,4.678,1.945,12.710,2.056,4.421,1.536,0.216,0.123,1.232,0.550
1477010445450000,13.007,2.331,4.643,2.017,12.710,2.056,4.421,1.536,0.218,0.128,1.220,0.549
1477010445500000,13.239,2.434,4.605,2.090,13.117,2.316,4.290,1.939,0.217,0.128,1.209,0.544
1477010445550000,13.468,2.540,4.566,2.163,13.117,2.316,4.290,1.939,0.220,0.131,1.198,0.540
1477010445600000,13.696,2.651,4.524,2.237,13.702,2.571,4.881,2.174,0.218,0.130,1.187,0.535
1477010445650000,13.921,2.764,4.481,2.311,13.702,2.571,4.881,2.174,0.218,0.131,1.178,0.530
1477010445700000,14.144,2.882,4.437,2.386,14.201,2.871,4.924,2.487,0.216,0.130,1.169,0.525
1477010445750000,14.365,3.003,4.390,2.461,14.201,2.871,4.924,2.487,0.215,0.130,1.161,0.521
1477010445800000,14.583,3.128,4.341,2.536,14.569,3.006,4.451,2.053,0.213,0.130,1.150,0.520
1477010445850000,14.799,3.257,4.290,2.612,14.569,3.006,4.451,2.053,0.214,0.133,1.141,0.521
1477010445900000,15.012,3.389,4.237,2.687,15.020,3.370,4.475,2.657,0.212,0.132,1.131,0.516
1477010445950000,15.223,3.526,4.183,2.762,15.020,3.370,4.475,2.657,0.212,0.132,1.122,0.512
1477010446000000,15.431,3.666,4.126,2.838,15.498,3.740,4.589,3.053,0.210,0.132,1.115,0.509
1477010446050000,15.636,3.810,4.067,2.913,15.498,3.740,4.589,3.053,0.209,0.131,1.108,0.505
1477010446100000,15.837,3.957,4.006,2.988,15.968,4.021,4.631,2.963,0.208,0.130,1.102,0.501
1477010446150000,16.036,4.109,3.943,3.063,15.968,4.021,4.631,2.963,0.207,0.129,1.097,0.497
1477010446200000,16.232,4.264,3.877,3.137,16.377,4.386,4.428,3.223,0.206,0.129,1.090,0.493
1477010446250000,16.424,4.422,3.810,3.211,16.377,4.386,4.428,3.223,0.204,0.128,1.085,0.490
1477010446300000,16.613,4.585,3.740,3.284,16.704,4.690,3.986,3.152,0.203,0.128,1.077,0.486
1477010446350000,16.798,4.751,3.668,3.357,16.704,4.690,3.986,3.152,0.202,0.127,1.070,0.483
1477010446400000,16.980,4.921,3.594,3.429,17.045,5.115,3.767,3.573,0.201,0.129,1.062,0.480
1477010446450000,17.158,5.094,3.518,3.500,17.045,5.115,3.767,3.573,0.200,0.128,1.055,0.477
1477010446500000,17.332,5.271,3.440,3.570,17.351,5.453,3.497,3.497,0.198,0.129,1.047,0.473
1477010446550000,17.502,5.451,3.359,3.639,17.351,5.453,3.497,3.497,0.198,0.128,1.040,0.471
1477010446600000,17.668,5.635,3.276,3.708,17.746,5.707,3.670,3.134,0.197,0.127,1.034,0.472
1477010446650000,17.830,5.822,3.192,3.775,17.746,5.707,3.670,3.134,0.196,0.127,1.029,0.475
1477010446700000,17.987,6.013,3.105,3.840,18.120,6.101,3.697,3.439,0.195,0.127,1.024,0.474
1477010446750000,18.140,6.206,3.015,3.905,18.120,6.101,3.697,3.439,0.194,0.126,1.020,0.474
1477010446800000,18.289,6.403,2.924,3.968,18.343,6.561,3.139,3.882,0.192,0.127,1.014,0.471
1477010446850000,18.433,6.603,2.831,4.029,18.343,6.561,3.139,3.882,0.191,0.126,1.008,0.468
1477010446900000,18.572,6.806,2.736,4.089,18.595,6.848,2.905,3.496,0.190,0.125,1.002,0.470
1477010446950000,18.706,7.012,2.638,4.147,18.595,6.848,2.905,3.496,0.189,0.126,0.996,0.472
1477010447000000,18.836,7.221,2.539,4.203,19.024,7.190,3.432,3.468,0.189,0.125,0.995,0.477
1477010447050000,18.960,7.433,2.438,4.257,19.024,7.190,3.432,3.468,0.188,0.127,0.995,0.482
1477010447100000,19.080,7.647,2.335,4.310,19.178,7.715,2.709,4.146,0.188,0.127,0.990,0.479
1477010447150000,19.194,7.864,2.229,4.360,19.178,7.715,2.709,4.146,0.186,0.127,0.985,0.477
1477010447200000,19.303,8.083,2.123,4.408,19.279,8.129,2.063,4.144,0.185,0.126,0.979,0.475
1477010447250000,19.406,8.305,2.014,4.454,19.279,8.129,2.063,4.144,0.185,0.127,0.974,0.473
1477010447300000,19.504,8.529,1.904,4.498,19.411,8.417,1.782,3.662,0.184,0.127,0.968,0.479
1477010447350000,19.597,8.755,1.792,4.540,19.411,8.417,1.782,3.662,0.184,0.131,0.963,0.485
1477010447400000,19.683,8.983,1.678,4.578,19.812,8.841,2.628,3.882,0.183,0.131,0.962,0.488
1477010447450000,19.765,9.213,1.563,4.615,19.812,8.841,2.628,3.882,0.183,0.136,0.964,0.492
1477010447500000,19.840,9.445,1.447,4.649,20.119,9.353,2.797,4.353,0.184,0.136,0.969,0.490
1477010447550000,19.909,9.678,1.329,4.680,20.119,9.353,2.797,4.353,0.184,0.139,0.976,0.488
1477010447600000,19.973,9.913,1.210,4.708,20.269,9.853,2.304,4.599,0.186,0.139,0.977,0.486
1477010447650000,20.030,10.149,1.090,4.734,20.269,9.853,2.304,4.599,0.186,0.141,0.980,0.484
1477010447700000,20.082,10.386,0.968,4.757,20.320,10.396,1.623,4.918,0.187,0.141,0.977,0.481
1477010447750000,20.127,10.625,0.846,4.777,20.320,10.396,1.623,4.918,0.187,0.142,0.975,0.479
1477010447800000,20.166,10.864,0.722,4.793,20.423,10.954,1.395,5.168,0.188,0.141,0.972,0.478
1477010447850000,20.199,11.104,0.598,4.807,20.423,10.954,1.395,5.168,0.188,0.142,0.971,0.477
1477010447900000,20.226,11.345,0.473,4.818,20.430,11.405,0.893,4.918,0.188,0.141,0.967,0.475
1477010447950000,20.247,11.586,0.347,4.826,20.430,11.405,0.893,4.918,0.188,0.141,0.963,0.472
1477010448000000,20.261,11.828,0.220,4.830,20.570,11.921,1.086,5.010,0.190,0.141,0.963,0.470
1477010448050000,20.269,12.069,0.093,4.832,20.570,11.921,1.086,5.010,0.191,0.141,0.963,0.468
1477010448100000,20.270,12.311,-0.034,4.830,20.490,12.462,0.366,5.162,0.192,0.141,0.959,0.467
1477010448150000,20.265,12.552,-0.162,4.825,20.490,12.462,0.366,5.162,0.192,0.141,0.956,0.466
1477010448200000,20.254,12.793,-0.289,4.816,20.511,12.932,0.309,4.987,0.193,0.141,0.953,0.464
1477010448250000,20.236,13.034,-0.417,4.804,20.511,12.932,0.309,4.987,0.194,0.140,0.951,0.462
1477010448300000,20.212,13.274,-0.545,4.789,20.355,13.290,-0.401,4.452,0.193,0.140,0.947,0.461
1477010448350000,20.182,13.513,-0.673,4.771,20.355,13.290,-0.401,4.452,0.193,0.141,0.943,0.460
1477010448400000,20.145,13.751,-0.801,4.749,20.320,13.818,-0.382,4.767,0.193,0.140,0.939,0.458
1477010448450000,20.102,13.988,-0.928,4.724,20.320,13.818,-0.382,4.767,0.193,0.141,0.936,0.456
1477010448500000,20.052,14.223,-1.055,4.695,20.196,14.317,-0.710,4.853,0.193,0.140,0.933,0.454
1477010448550000,19.996,14.457,-1.181,4.663,20.196,14.317,-0.710,4.853,0.193,0.140,0.930,0.453
1477010448600000,19.934,14.690,-1.307,4.628,19.940,14.787,-1.412,4.792,0.192,0.140,0.926,0.451
1477010448650000,19.865,14.920,-1.432,4.589,19.940,14.787,-1.412,4.792,0.191,0.140,0.921,0.449
1477010448700000,19.791,15.149,-1.556,4.548,19.918,15.233,-0.959,4.668,0.191,0.139,0.919,0.447
1477010448750000,19.710,15.375,-1.679,4.502,19.918,15.233,-0.959,4.668,0.191,0.139,0.918,0.446
1477010448800000,19.623,15.599,-1.801,4.454,19.871,15.622,-0.773,4.370,0.192,0.139,0.919,0.444
1477010448850000,19.530,15.820,-1.922,4.402,19.871,15.622,-0.773,4.370,0.193,0.139,0.921,0.442
1477010448900000,19.431,16.039,-2.041,4.347,19.622,16.032,-1.424,4.270,0.193,0.139,0.919,0.440
1477010448950000,19.326,16.255,-2.159,4.289,19.622,16.032,-1.424,4.270,0.194,0.140,0.917,0.438
1477010449000000,19.215,16.468,-2.276,4.227,19.350,16.359,-1.918,3.887,0.194,0.140,0.914,0.438
1477010449050000,19.098,16.678,-2.391,4.163,19.350,16.359,-1.918,3.887,0.195,0.142,0.911,0.437
1477010449100000,18.976,16.884,-2.504,4.095,19.075,16.796,-2.236,4.073,0.194,0.142,0.908,0.435
1477010449150000,18.848,17.087,-2.616,4.025,19.075,16.796,-2.236,4.073,0.194,0.143,0.905,0.433
1477010449200000,18.714,17.287,-2.725,3.951,18.724,17.300,-2.718,4.440,0.193,0.143,0.901,0.434
1477010449250000,18.575,17.482,-2.833,3.875,18.724,17.300,-2.718,4.440,0.193,0.143,0.898,0.435
1477010449300000,18.431,17.674,-2.939,3.796,18.264,17.641,-3.433,4.049,0.193,0.143,0.895,0.434
1477010449350000,18.281,17.862,-3.042,3.714,18.264,17.641,-3.433,4.049,0.192,0.143,0.892,0.433
1477010449400000,18.127,18.045,-3.143,3.629,18.076,18.046,-2.845,4.049,0.192,0.143,0.889,0.433
1477010449450000,17.967,18.225,-3.242,3.542,18.076,18.046,-2.845,4.049,0.191,0.143,0.887,0.434
1477010449500000,17.803,18.399,-3.338,3.452,17.851,18.326,-2.620,3.573,0.190,0.143,0.885,0.432
1477010449550000,17.633,18.570,-3.432,3.360,17.851,18.326,-2.620,3.573,0.191,0.144,0.885,0.431
1477010449600000,17.459,18.735,-3.524,3.265,17.479,18.694,-3.036,3.615,0.190,0.143,0.883,0.430
1477010449650000,17.281,18.896,-3.613,3.168,17.479,18.694,-3.036,3.615,0.190,0.144,0.881,0.430
1477010449700000,17.098,19.052,-3.699,3.069,17.176,18.965,-3.035,3.269,0.189,0.144,0.879,0.429
1477010449750000,16.911,19.203,-3.782,2.968,17.176,18.965,-3.035,3.269,0.190,0.144,0.878,0.428
1477010449800000,16.720,19.349,-3.863,2.865,16.712,19.163,-3.645,2.779,0.189,0.145,0.875,0.427
1477010449850000,16.525,19.489,-3.940,2.759,16.712,19.163,-3.645,2.779,0.189,0.147,0.873,0.425
1477010449900000,16.326,19.625,-4.015,2.652,16.286,19.536,-3.877,3.139,0.189,0.147,0.870,0.426
1477010449950000,16.124,19.755,-4.087,2.544,16.286,19.536,-3.877,3.139,0.188,0.147,0.867,0.427
1477010450000000,15.918,19.879,-4.156,2.433,15.912,19.861,-3.825,3.182,0.188,0.147,0.864,0.430
1477010450050000,15.708,19.998,-4.222,2.321,15.912,19.861,-3.825,3.182,0.188,0.147,0.862,0.435
1477010450100000,15.496,20.111,-4.285,2.208,15.478,20.181,-4.022,3.191,0.187,0.146,0.859,0.441
1477010450150000,15.280,20.219,-4.344,2.093,15.478,20.181,-4.022,3.191,0.187,0.146,0.856,0.449
1477010450200000,15.061,20.320,-4.401,1.978,15.143,20.467,-3.765,3.065,0.187,0.146,0.855,0.456
1477010450250000,14.840,20.416,-4.454,1.861,15.143,20.467,-3.765,3.065,0.188,0.145,0.854,0.466
1477010450300000,14.616,20.506,-4.504,1.743,14.713,20.685,-3.970,2.728,0.187,0.146,0.852,0.471
1477010450350000,14.390,20.590,-4.551,1.624,14.713,20.685,-3.970,2.728,0.189,0.145,0.851,0.478
1477010450400000,14.161,20.669,-4.595,1.504,14.174,20.762,-4.509,1.982,0.188,0.145,0.848,0.478
1477010450450000,13.930,20.741,-4.636,1.384,14.174,20.762,-4.509,1.982,0.188,0.145,0.845,0.479
1477010450500000,13.698,20.807,-4.674,1.263,13.587,20.834,-5.029,1.503,0.188,0.144,0.843,0.478
1477010450550000,13.463,20.867,-4.708,1.142,13.587,20.834,-5.029,1.503,0.188,0.144,0.840,0.477
1477010450600000,13.227,20.921,-4.739,1.020,13.096,20.901,-4.981,1.187,0.187,0.143,0.838,0.476
1477010450650000,12.990,20.969,-4.767,0.898,13.096,20.901,-4.981,1.187,0.187,0.143,0.835,0.475
1477010450700000,12.751,21.011,-4.792,0.775,12.746,21.041,-4.420,1.267,0.186,0.142,0.833,0.475
1477010450750000,12.511,21.047,-4.814,0.653,12.746,21.041,-4.420,1.267,0.187,0.142,0.831,0.476
1477010450800000,12.269,21.076,-4.832,0.531,12.251,21.137,-4.619,1.150,0.186,0.142,0.829,0.477
1477010450850000,12.028,21.100,-4.848,0.409,12.251,21.137,-4.619,1.150,0.186,0.141,0.826,0.479
1477010450900000,11.785,21.117,-4.860,0.287,11.731,21.044,-4.840,0.360,0.186,0.141,0.824,0.478
1477010450950000,11.542,21.128,-4.870,0.165,11.731,21.044,-4.840,0.360,0.186,0.141,0.821,0.476
1477010451000000,11.298,21.134,-4.876,0.044,11.309,21.074,-4.604,0.337,0.185,0.140,0.819,0.476
1477010451050000,11.054,21.133,-4.880,-0.077,11.309,21.074,-4.604,0.337,0.186,0.140,0.816,0.475
1477010451100000,10.810,21.126,-4.881,-0.197,10.871,21.011,-4.520,-0.032,0.185,0.140,0.814,0.474
1477010451150000,10.567,21.113,-4.878,-0.316,10.871,21.011,-4.520,-0.032,0.186,0.139,0.812,0.473
1477010451200000,10.323,21.094,-4.873,-0.435,10.296,21.116,-4.990,0.379,0.186,0.139,0.810,0.476
1477010451250000,10.080,21.070,-4.866,-0.552,10.296,21.116,-4.990,0.379,0.186,0.139,0.808,0.480
1477010451300000,9.837,21.039,-4.856,-0.669,9.904,21.060,-4.582,0.024,0.185,0.138,0.805,0.481
1477010451350000,9.594,21.003,-4.843,-0.785,9.904,21.060,-4.582,0.024,0.186,0.138,0.803,0.484
1477010451400000,9.353,20.961,-4.827,-0.900,9.496,20.963,-4.391,-0.356,0.186,0.138,0.802,0.484
1477010451450000,9.112,20.913,-4.809,-1.014,9.496,20.963,-4.391,-0.356,0.188,0.137,0.800,0.486
1477010451500000,8.872,20.859,-4.789,-1.126,8.867,20.871,-5.113,-0.570,0.187,0.137,0.798,0.486
1477010451550000,8.633,20.800,-4.766,-1.237,8.867,20.871,-5.113,-0.570,0.188,0.136,0.796,0.487
1477010451600000,8.396,20.736,-4.741,-1.347,8.284,20.637,-5.384,-1.243,0.187,0.136,0.795,0.486
1477010451650000,8.159,20.666,-4.714,-1.455,8.284,20.637,-5.384,-1.243,0.187,0.136,0.795,0.485
1477010451700000,7.924,20.590,-4.685,-1.562,7.821,20.479,-5.098,-1.371,0.187,0.136,0.793,0.484
1477010451750000,7.691,20.510,-4.653,-1.668,7.821,20.479,-5.098,-1.371,0.186,0.135,0.791,0.483
1477010451800000,7.459,20.424,-4.620,-1.772,7.241,20.369,-5.366,-1.268,0.187,0.135,0.791,0.483
1477010451850000,7.229,20.333,-4.584,-1.874,7.241,20.369,-5.366,-1.268,0.186,0.135,0.791,0.484
1477010451900000,7.001,20.236,-4.547,-1.975,6.764,20.212,-5.139,-1.382,0.186,0.134,0.790,0.484
1477010451950000,6.775,20.135,-4.509,-2.074,6.764,20.212,-5.139,-1.382,0.186,0.134,0.789,0.486
1477010452000000,6.551,20.029,-4.468,-2.171,6.325,20.041,-4.855,-1.505,0.186,0.134,0.788,0.487
1477010452050000,6.328,19.918,-4.426,-2.266,6.325,20.041,-4.855,-1.505,0.186,0.134,0.786,0.489
1477010452100000,6.108,19.803,-4.382,-2.360,5.851,19.859,-4.810,-1.628,0.186,0.133,0.785,0.490
1477010452150000,5.890,19.682,-4.337,-2.452,5.851,19.859,-4.810,-1.628,0.186,0.134,0.783,0.493
1477010452200000,5.675,19.558,-4.291,-2.542,5.542,19.631,-4.155,-1.873,0.185,0.133,0.781,0.494
1477010452250000,5.461,19.428,-4.244,-2.630,5.542,19.631,-4.155,-1.873,0.185,0.134,0.779,0.496
1477010452300000,5.251,19.295,-4.195,-2.716,5.150,19.442,-4.067,-1.882,0.185,0.134,0.777,0.498
1477010452350000,5.042,19.157,-4.145,-2.801,5.150,19.442,-4.067,-1.882,0.184,0.135,0.775,0.501
1477010452400000,4.836,19.015,-4.094,-2.883,4.823,19.108,-3.764,-2.436,0.184,0.135,0.773,0.501
1477010452450000,4.633,18.869,-4.043,-2.964,4.823,19.108,-3.764,-2.436,0.184,0.136,0.772,0.501
1477010452500000,4.432,18.719,-3.990,-3.042,4.458,18.848,-3.719,-2.498,0.183,0.136,0.770,0.501
1477010452550000,4.234,18.565,-3.937,-3.119,4.458,18.848,-3.719,-2.498,0.184,0.137,0.768,0.502
1477010452600000,4.039,18.407,-3.883,-3.194,4.181,18.535,-3.359,-2.737,0.183,0.137,0.767,0.502
1477010452650000,3.846,18.246,-3.828,-3.266,4.181,18.535,-3.359,-2.737,0.184,0.138,0.766,0.502
1477010452700000,3.656,18.081,-3.773,-3.337,3.638,18.211,-4.147,-2.930,0.184,0.138,0.764,0.502
1477010452750000,3.469,17.912,-3.718,-3.406,3.638,18.211,-4.147,-2.930,0.184,0.139,0.763,0.502
1477010452800000,3.284,17.740,-3.662,-3.473,3.171,17.827,-4.347,-3.274,0.184,0.139,0.762,0.500
1477010452850000,3.103,17.565,-3.606,-3.538,3.171,17.827,-4.347,-3.274,0.183,0.140,0.762,0.500
1477010452900000,2.924,17.387,-3.550,-3.602,2.848,17.669,-3.920,-2.630,0.183,0.141,0.761,0.503
1477010452950000,2.748,17.205,-3.493,-3.663,2.848,17.669,-3.920,-2.630,0.183,0.145,0.760,0.507
1477010453000000,2.575,17.021,-3.437,-3.723,2.509,17.234,-3.720,-3.285,0.182,0.145,0.758,0.507
1477010453050000,2.404,16.833,-3.381,-3.780,2.509,17.234,-3.720,-3.285,0.182,0.147,0.756,0.507
1477010453100000,2.237,16.643,-3.324,-3.836,2.199,16.867,-3.481,-3.432,0.181,0.148,0.755,0.506
1477010453150000,2.072,16.450,-3.268,-3.890,2.199,16.867,-3.481,-3.432,0.181,0.150,0.753,0.506
1477010453200000,1.910,16.254,-3.212,-3.942,1.872,16.299,-3.403,-4.286,0.181,0.150,0.751,0.505
1477010453250000,1.751,16.056,-3.157,-3.993,1.872,16.299,-3.403,-4.286,0.181,0.151,0.750,0.505
1477010453300000,1.595,15.855,-3.101,-4.041,1.486,15.986,-3.575,-3.847,0.180,0.150,0.749,0.503
1477010453350000,1.441,15.652,-3.046,-4.088,1.486,15.986,-3.575,-3.847,0.180,0.152,0.748,0.503
1477010453400000,1.290,15.446,-2.992,-4.134,1.158,15.508,-3.463,-4.200,0.180,0.152,0.747,0.501
1477010453450000,1.142,15.239,-2.938,-4.177,1.158,15.508,-3.463,-4.200,0.179,0.152,0.746,0.500
1477010453500000,0.996,15.029,-2.885,-4.219,0.764,15.045,-3.645,-4.365,0.180,0.152,0.746,0.499
1477010453550000,0.854,14.817,-2.832,-4.260,0.764,15.045,-3.645,-4.365,0.179,0.152,0.746,0.498
1477010453600000,0.713,14.603,-2.781,-4.299,0.581,14.660,-2.956,-4.168,0.179,0.152,0.744,0.497
1477010453650000,0.576,14.387,-2.730,-4.336,0.581,14.660,-2.956,-4.168,0.179,0.153,0.743,0.496
1477010453700000,0.440,14.170,-2.679,-4.372,0.268,14.222,-3.021,-4.251,0.179,0.153,0.741,0.495
1477010453750000,0.308,13.950,-2.630,-4.406,0.268,14.222,-3.021,-4.251,0.178,0.153,0.740,0.494
1477010453800000,0.178,13.729,-2.581,-4.439,0.231,13.737,-2.014,-4.477,0.178,0.153,0.740,0.493
1477010453850000,0.050,13.507,-2.534,-4.471,0.231,13.737,-2.014,-4.477,0.178,0.153,0.739,0.491
1477010453900000,-0.076,13.282,-2.487,-4.501,-0.089,13.287,-2.463,-4.485,0.177,0.153,0.737,0.490
1477010453950000,-0.199,13.057,-2.442,-4.530,-0.089,13.287,-2.463,-4.485,0.177,0.154,0.735,0.489
1477010454000000,-0.320,12.830,-2.397,-4.557,-0.130,12.888,-1.685,-4.298,0.177,0.153,0.735,0.488
1477010454050000,-0.439,12.601,-2.354,-4.583,-0.130,12.888,-1.685,-4.298,0.178,0.154,0.735,0.488
1477010454100000,-0.555,12.371,-2.312,-4.608,-0.394,12.407,-2.048,-4.492,0.178,0.154,0.733,0.487
1477010454150000,-0.670,12.140,-2.271,-4.632,-0.394,12.407,-2.048,-4.492,0.178,0.154,0.732,0.486
1477010454200000,-0.782,11.908,-2.231,-4.655,-0.590,12.001,-2.014,-4.327,0.179,0.154,0.730,0.485
1477010454250000,-0.893,11.675,-2.193,-4.676,-0.590,12.001,-2.014,-4.327,0.179,0.155,0.729,0.485
1477010454300000,-1.002,11.441,-2.156,-4.696,-0.996,11.477,-2.791,-4.674,0.179,0.155,0.729,0.484
1477010454350000,-1.109,11.206,-2.120,-4.715,-0.996,11.477,-2.791,-4.674,0.179,0.156,0.728,0.482
1477010454400000,-1.214,10.969,-2.086,-4.734,-1.338,11.027,-3.032,-4.608,0.178,0.156,0.729,0.481
1477010454450000,-1.317,10.732,-2.053,-4.751,-1.338,11.027,-3.032,-4.608,0.178,0.156,0.731,0.481
1477010454500000,-1.419,10.495,-2.021,-4.767,-1.564,10.488,-2.737,-4.907,0.178,0.156,0.731,0.480
1477010454550000,-1.519,10.256,-1.991,-4.782,-1.564,10.488,-2.737,-4.907,0.178,0.156,0.731,0.479
1477010454600000,-1.618,10.016,-1.962,-4.796,-1.720,10.126,-2.290,-4.417,0.177,0.156,0.729,0.478
1477010454650000,-1.715,9.776,-1.935,-4.809,-1.720,10.126,-2.290,-4.417,0.177,0.158,0.728,0.478
1477010454700000,-1.811,9.536,-1.909,-4.822,-1.833,9.700,-1.851,-4.357,0.177,0.158,0.727,0.478
1477010454750000,-1.906,9.294,-1.885,-4.833,-1.833,9.700,-1.851,-4.357,0.176,0.160,0.725,0.478
1477010454800000,-2.000,9.052,-1.862,-4.844,-1.975,8.999,-1.687,-5.366,0.176,0.159,0.724,0.478
1477010454850000,-2.093,8.810,-1.841,-4.853,-1.975,8.999,-1.687,-5.366,0.176,0.159,0.722,0.478
1477010454900000,-2.184,8.567,-1.822,-4.862,-2.162,8.505,-1.753,-5.205,0.175,0.159,0.721,0.478
1477010454950000,-2.275,8.324,-1.804,-4.870,-2.162,8.505,-1.753,-5.205,0.175,0.159,0.719,0.477
1477010455000000,-2.365,8.080,-1.787,-4.878,-2.274,8.075,-1.512,-4.860,0.175,0.159,0.718,0.476
1477010455050000,-2.453,7.836,-1.772,-4.884,-2.274,8.075,-1.512,-4.860,0.175,0.159,0.717,0.475
1477010455100000,-2.542,7.592,-1.759,-4.890,-2.517,7.596,-1.863,-4.832,0.175,0.159,0.715,0.474
1477010455150000,-2.629,7.347,-1.748,-4.895,-2.517,7.596,-1.863,-4.832,0.174,0.159,0.714,0.473
1477010455200000,-2.717,7.102,-1.738,-4.899,-2.755,7.087,-2.058,-4.932,0.174,0.159,0.713,0.472
1477010455250000,-2.803,6.857,-1.730,-4.903,-2.755,7.087,-2.058,-4.932,0.174,0.159,0.712,0.471
1477010455300000,-2.890,6.612,-1.723,-4.906,-2.846,6.741,-1.621,-4.371,0.173,0.159,0.710,0.472
1477010455350000,-2.976,6.367,-1.718,-4.908,-2.846,6.741,-1.621,-4.371,0.173,0.161,0.709,0.472
1477010455400000,-3.061,6.121,-1.715,-4.909,-2.951,6.264,-1.406,-4.522,0.173,0.161,0.708,0.472
1477010455450000,-3.147,5.876,-1.713,-4.910,-2.951,6.264,-1.406,-4.522,0.173,0.162,0.706,0.471
1477010455500000,-3.233,5.630,-1.713,-4.910,-3.138,5.661,-1.582,-5.096,0.173,0.162,0.705,0.471
1477010455550000,-3.318,5.385,-1.715,-4.909,-3.138,5.661,-1.582,-5.096,0.173,0.163,0.704,0.470
1477010455600000,-3.404,5.140,-1.718,-4.907,-3.368,5.127,-1.856,-5.191,0.173,0.162,0.702,0.469
1477010455650000,-3.490,4.894,-1.723,-4.905,-3.368,5.127,-1.856,-5.191,0.172,0.163,0.701,0.469
1477010455700000,-3.577,4.649,-1.729,-4.902,-3.629,4.562,-2.143,-5.366,0.172,0.162,0.700,0.469
1477010455750000,-3.663,4.404,-1.738,-4.899,-3.629,4.562,-2.143,-5.366,0.172,0.162,0.699,0.469
1477010455800000,-3.750,4.159,-1.747,-4.894,-3.929,4.037,-2.467,-5.321,0.172,0.162,0.699,0.468
1477010455850000,-3.838,3.915,-1.759,-4.889,-3.929,4.037,-2.467,-5.321,0.172,0.162,0.699,0.468
1477010455900000,-3.926,3.670,-1.772,-4.883,-4.017,3.637,-1.865,-4.817,0.171,0.162,0.698,0.467
1477010455950000,-4.015,3.426,-1.787,-4.877,-4.017,3.637,-1.865,-4.817,0.171,0.162,0.697,0.466
1477010456000000,-4.105,3.182,-1.803,-4.869,-4.175,3.190,-1.758,-4.686,0.171,0.162,0.695,0.466
1477010456050000,-4.196,2.939,-1.821,-4.861,-4.175,3.190,-1.758,-4.686,0.170,0.162,0.694,0.465
1477010456100000,-4.287,2.696,-1.841,-4.852,-4.337,2.630,-1.703,-5.035,0.170,0.162,0.693,0.464
1477010456150000,-4.380,2.454,-1.862,-4.842,-4.337,2.630,-1.703,-5.035,0.170,0.162,0.692,0.463
1477010456200000,-4.474,2.212,-1.884,-4.831,-4.564,2.108,-1.918,-5.105,0.170,0.162,0.690,0.463
1477010456250000,-4.568,1.971,-1.909,-4.820,-4.564,2.108,-1.918,-5.105,0.169,0.162,0.689,0.462
1477010456300000,-4.664,1.730,-1.934,-4.808,-4.816,1.564,-2.148,-5.233,0.169,0.162,0.688,0.462
1477010456350000,-4.762,1.490,-1.961,-4.794,-4.816,1.564,-2.148,-5.233,0.169,0.161,0.687,0.462
1477010456400000,-4.861,1.250,-1.990,-4.780,-4.836,1.172,-1.407,-4.730,0.169,0.161,0.686,0.461
1477010456450000,-4.961,1.012,-2.020,-4.765,-4.836,1.172,-1.407,-4.730,0.168,0.161,0.686,0.460
1477010456500000,-5.063,0.774,-2.052,-4.748,-4.911,0.767,-1.159,-4.473,0.168,0.161,0.687,0.460
1477010456550000,-5.166,0.537,-2.085,-4.731,-4.911,0.767,-1.159,-4.473,0.169,0.161,0.688,0.459
1477010456600000,-5.271,0.301,-2.119,-4.713,-5.079,0.286,-1.355,-4.600,0.169,0.161,0.688,0.459
1477010456650000,-5.378,0.065,-2.155,-4.694,-5.079,0.286,-1.355,-4.600,0.170,0.161,0.689,0.458
1477010456700000,-5.487,-0.169,-2.192,-4.673,-5.260,-0.195,-1.529,-4.681,0.170,0.161,0.689,0.457
1477010456750000,-5.597,-0.402,-2.230,-4.652,-5.260,-0.195,-1.529,-4.681,0.171,0.161,0.689,0.456
1477010456800000,-5.710,-0.634,-2.270,-4.629,-5.650,-0.546,-2.429,-4.237,0.170,0.161,0.687,0.456
1477010456850000,-5.825,-0.865,-2.311,-4.605,-5.650,-0.546,-2.429,-4.237,0.170,0.162,0.686,0.456
1477010456900000,-5.941,-1.095,-2.353,-4.580,-5.885,-1.130,-2.400,-4.847,0.170,0.161,0.685,0.455
1477010456950000,-6.060,-1.323,-2.396,-4.554,-5.885,-1.130,-2.400,-4.847,0.170,0.162,0.684,0.455
1477010457000000,-6.181,-1.550,-2.440,-4.526,-6.204,-1.558,-2.702,-4.631,0.170,0.161,0.683,0.454
1477010457050000,-6.304,-1.776,-2.486,-4.498,-6.204,-1.558,-2.702,-4.631,0.170,0.161,0.682,0.453
1477010457100000,-6.430,-2.000,-2.532,-4.467,-6.402,-2.083,-2.427,-4.867,0.169,0.161,0.680,0.453
1477010457150000,-6.557,-2.223,-2.579,-4.436,-6.402,-2.083,-2.427,-4.867,0.169,0.161,0.679,0.453
1477010457200000,-6.688,-2.444,-2.628,-4.403,-6.724,-2.503,-2.729,-4.613,0.169,0.161,0.678,0.452
1477010457250000,-6.820,-2.663,-2.677,-4.368,-6.724,-2.503,-2.729,-4.613,0.169,0.161,0.677,0.452
1477010457300000,-6.955,-2.881,-2.727,-4.333,-6.892,-3.038,-2.327,-4.891,0.169,0.161,0.676,0.452
1477010457350000,-7.093,-3.097,-2.778,-4.295,-6.892,-3.038,-2.327,-4.891,0.169,0.161,0.676,0.453
1477010457400000,-7.233,-3.311,-2.830,-4.256,-7.123,-3.386,-2.321,-4.355,0.169,0.160,0.675,0.452
1477010457450000,-7.376,-3.522,-2.883,-4.216,-7.123,-3.386,-2.321,-4.355,0.169,0.160,0.675,0.451
1477010457500000,-7.522,-3.732,-2.936,-4.174,-7.427,-3.644,-2.597,-3.680,0.169,0.160,0.674,0.451
1477010457550000,-7.670,-3.940,-2.990,-4.130,-7.427,-3.644,-2.597,-3.680,0.169,0.161,0.673,0.451
1477010457600000,-7.821,-4.145,-3.044,-4.085,-7.791,-4.165,-2.992,-4.264,0.169,0.161,0.672,0.451
1477010457650000,-7.975,-4.349,-3.099,-4.038,-7.791,-4.165,-2.992,-4.264,0.169,0.161,0.671,0.450
1477010457700000,-8.131,-4.549,-3.154,-3.989,-8.163,-4.703,-3.267,-4.685,0.169,0.161,0.670,0.451
1477010457750000,-8.290,-4.748,-3.209,-3.939,-8.163,-4.703,-3.267,-4.685,0.168,0.160,0.669,0.452
1477010457800000,-8.452,-4.943,-3.265,-3.886,-8.407,-5.136,-2.953,-4.552,0.168,0.161,0.668,0.453
1477010457850000,-8.617,-5.136,-3.321,-3.832,-8.407,-5.136,-2.953,-4.552,0.168,0.160,0.667,0.454
1477010457900000,-8.784,-5.327,-3.377,-3.777,-8.816,-5.552,-3.388,-4.401,0.168,0.161,0.666,0.455
1477010457950000,-8.955,-5.514,-3.434,-3.719,-8.816,-5.552,-3.388,-4.401,0.168,0.160,0.665,0.456
1477010458000000,-9.128,-5.699,-3.490,-3.660,-9.090,-5.890,-3.140,-4.015,0.168,0.160,0.664,0.456
1477010458050000,-9.304,-5.880,-3.546,-3.598,-9.090,-5.890,-3.140,-4.015,0.168,0.160,0.663,0.456
1477010458100000,-9.483,-6.059,-3.603,-3.535,-9.353,-6.040,-2.945,-3.060,0.168,0.160,0.663,0.456
1477010458150000,-9.664,-6.234,-3.659,-3.470,-9.353,-6.040,-2.945,-3.060,0.168,0.160,0.663,0.456
1477010458200000,-9.849,-6.406,-3.714,-3.403,-9.635,-6.461,-2.901,-3.495,0.169,0.160,0.664,0.455
1477010458250000,-10.036,-6.574,-3.770,-3.334,-9.635,-6.461,-2.901,-3.495,0.170,0.160,0.665,0.454
1477010458300000,-10.226,-6.739,-3.825,-3.263,-10.086,-6.823,-3.511,-3.543,0.170,0.159,0.664,0.454
1477010458350000,-10.419,-6.901,-3.879,-3.190,-10.086,-6.823,-3.511,-3.543,0.171,0.159,0.663,0.454
1477010458400000,-10.614,-7.058,-3.933,-3.116,-10.611,-7.239,-4.174,-3.776,0.170,0.159,0.662,0.454
1477010458450000,-10.812,-7.212,-3.986,-3.039,-10.611,-7.239,-4.174,-3.776,0.170,0.159,0.661,0.456
1477010458500000,-11.013,-7.363,-4.039,-2.961,-11.132,-7.591,-4.568,-3.681,0.170,0.159,0.661,0.457
1477010458550000,-11.216,-7.509,-4.090,-2.880,-11.132,-7.591,-4.568,-3.681,0.170,0.159,0.660,0.458
1477010458600000,-11.422,-7.651,-4.141,-2.798,-11.323,-7.808,-3.556,-3.106,0.170,0.159,0.660,0.458
1477010458650000,-11.630,-7.788,-4.191,-2.713,-11.323,-7.808,-3.556,-3.106,0.170,0.159,0.660,0.458
1477010458700000,-11.841,-7.922,-4.239,-2.627,-11.597,-7.959,-3.246,-2.499,0.171,0.159,0.661,0.457
1477010458750000,-12.055,-8.051,-4.287,-2.539,-11.597,-7.959,-3.246,-2.499,0.172,0.158,0.663,0.456
1477010458800000,-12.270,-8.176,-4.333,-2.449,-12.012,-8.144,-3.590,-2.253,0.173,0.158,0.663,0.456
1477010458850000,-12.488,-8.296,-4.378,-2.358,-12.012,-8.144,-3.590,-2.253,0.175,0.158,0.664,0.455
1477010458900000,-12.708,-8.412,-4.422,-2.264,-12.399,-8.311,-3.696,-2.029,0.175,0.158,0.664,0.454
1477010458950000,-12.930,-8.523,-4.464,-2.169,-12.399,-8.311,-3.696,-2.029,0.177,0.158,0.664,0.454
1477010459000000,-13.155,-8.629,-4.504,-2.072,-13.049,-8.585,-4.763,-2.299,0.177,0.158,0.663,0.453
1477010459050000,-13.381,-8.730,-4.543,-1.973,-13.049,-8.585,-4.763,-2.299,0.178,0.158,0.662,0.453
1477010459100000,-13.609,-8.826,-4.580,-1.872,-13.449,-8.686,-4.474,-1.812,0.178,0.158,0.661,0.452
1477010459150000,-13.839,-8.917,-4.615,-1.770,-13.449,-8.686,-4.474,-1.812,0.179,0.158,0.660,0.451
1477010459200000,-14.071,-9.003,-4.649,-1.666,-13.950,-8.935,-4.676,-2.067,0.179,0.158,0.659,0.451
1477010459250000,-14.304,-9.084,-4.680,-1.561,-13.950,-8.935,-4.676,-2.067,0.179,0.158,0.658,0.452
1477010459300000,-14.539,-9.159,-4.709,-1.454,-14.423,-9.166,-4.696,-2.161,0.179,0.158,0.657,0.453
1477010459350000,-14.775,-9.229,-4.737,-1.346,-14.423,-9.166,-4.696,-2.161,0.180,0.158,0.656,0.454
1477010459400000,-15.013,-9.294,-4.762,-1.236,-14.983,-9.201,-5.042,-1.471,0.180,0.157,0.655,0.454
1477010459450000,-15.252,-9.353,-4.784,-1.125,-14.983,-9.201,-5.042,-1.471,0.180,0.157,0.655,0.453
1477010459500000,-15.492,-9.406,-4.805,-1.013,-15.585,-9.466,-5.411,-1.919,0.180,0.157,0.654,0.455
1477010459550000,-15.732,-9.454,-4.823,-0.899,-15.585,-9.466,-5.411,-1.919,0.180,0.157,0.654,0.458
1477010459600000,-15.974,-9.496,-4.838,-0.784,-16.104,-9.626,-5.330,-1.798,0.180,0.157,0.654,0.461
1477010459650000,-16.216,-9.533,-4.851,-0.669,-16.104,-9.626,-5.330,-1.798,0.180,0.157,0.653,0.464
1477010459700000,-16.459,-9.563,-4.862,-0.552,-16.522,-9.572,-4.892,-0.909,0.179,0.157,0.652,0.464
1477010459750000,-16.703,-9.588,-4.869,-0.434,-16.522,-9.572,-4.892,-0.909,0.179,0.156,0.651,0.464
1477010459800000,-16.946,-9.607,-4.874,-0.316,-17.066,-9.538,-5.100,-0.435,0.179,0.156,0.651,0.463
1477010459850000,-17.190,-9.620,-4.876,-0.196,-17.066,-9.538,-5.100,-0.435,0.179,0.156,0.650,0.463
1477010459900000,-17.434,-9.626,-4.876,-0.077,-17.559,-9.578,-5.036,-0.421,0.179,0.156,0.649,0.462
1477010459950000,-17.678,-9.627,-4.872,0.044,-17.559,-9.578,-5.036,-0.421,0.179,0.156,0.648,0.462
1477010460000000,-17.922,-9.622,-4.866,0.165,-18.014,-9.514,-4.851,-0.019,0.179,0.155,0.647,0.462
1477010460050000,-18.165,-9.611,-4.856,0.287,-18.014,-9.514,-4.851,-0.019,0.179,0.155,0.646,0.462
1477010460100000,-18.407,-9.593,-4.844,0.408,-18.380,-9.567,-4.396,-0.211,0.178,0.155,0.646,0.462
1477010460150000,-18.649,-9.570,-4.829,0.531,-18.380,-9.567,-4.396,-0.211,0.179,0.155,0.645,0.463
1477010460200000,-18.890,-9.540,-4.810,0.653,-18.892,-9.549,-4.672,-0.063,0.178,0.155,0.644,0.464
1477010460250000,-19.130,-9.504,-4.789,0.775,-18.892,-9.549,-4.672,-0.063,0.179,0.154,0.643,0.466
1477010460300000,-19.369,-9.463,-4.764,0.897,-19.326,-9.310,-4.548,0.869,0.178,0.154,0.642,0.465
1477010460350000,-19.607,-9.415,-4.736,1.019,-19.326,-9.310,-4.548,0.869,0.179,0.154,0.642,0.464
1477010460400000,-19.843,-9.361,-4.705,1.141,-19.831,-9.084,-4.736,1.398,0.178,0.155,0.641,0.464
1477010460450000,-20.078,-9.301,-4.671,1.262,-19.831,-9.084,-4.736,1.398,0.179,0.155,0.640,0.463
1477010460500000,-20.310,-9.234,-4.633,1.383,-20.227,-9.295,-4.443,0.066,0.178,0.155,0.639,0.468
1477010460550000,-20.541,-9.162,-4.593,1.503,-20.227,-9.295,-4.443,0.066,0.179,0.155,0.638,0.473
1477010460600000,-20.770,-9.084,-4.549,1.623,-20.665,-9.088,-4.419,0.827,0.179,0.154,0.637,0.475
1477010460650000,-20.996,-9.000,-4.502,1.742,-20.665,-9.088,-4.419,0.827,0.179,0.154,0.636,0.477
1477010460700000,-21.220,-8.910,-4.452,1.860,-21.060,-8.922,-4.240,1.142,0.179,0.154,0.636,0.477
1477010460750000,-21.441,-8.814,-4.399,1.977,-21.060,-8.922,-4.240,1.142,0.180,0.154,0.635,0.479
1477010460800000,-21.660,-8.712,-4.342,2.092,-21.494,-8.842,-4.279,1.012,0.180,0.154,0.634,0.481
1477010460850000,-21.875,-8.605,-4.283,2.207,-21.494,-8.842,-4.279,1.012,0.181,0.154,0.633,0.485
1477010460900000,-22.088,-8.491,-4.220,2.320,-21.953,-8.650,-4.396,1.359,0.181,0.154,0.632,0.487
1477010460950000,-22.297,-8.373,-4.154,2.432,-21.953,-8.650,-4.396,1.359,0.182,0.155,0.631,0.490
1477010461000000,-22.504,-8.248,-4.086,2.543,-22.495,-8.427,-4.787,1.688,0.181,0.155,0.632,0.491
1477010461050000,-22.706,-8.118,-4.014,2.651,-22.495,-8.427,-4.787,1.688,0.181,0.155,0.632,0.493
1477010461100000,-22.905,-7.983,-3.939,2.758,-22.980,-7.944,-4.812,2.885,0.181,0.155,0.633,0.492
1477010461150000,-23.100,-7.842,-3.862,2.864,-22.980,-7.944,-4.812,2.885,0.181,0.155,0.634,0.492
1477010461200000,-23.291,-7.697,-3.781,2.967,-23.470,-7.607,-4.845,3.068,0.181,0.155,0.635,0.491
1477010461250000,-23.478,-7.546,-3.698,3.068,-23.470,-7.607,-4.845,3.068,0.181,0.155,0.637,0.490
1477010461300000,-23.661,-7.390,-3.612,3.167,-23.732,-7.333,-4.000,2.945,0.181,0.155,0.637,0.490
1477010461350000,-23.839,-7.229,-3.523,3.264,-23.732,-7.333,-4.000,2.945,0.181,0.155,0.636,0.489
1477010461400000,-24.013,-7.063,-3.432,3.359,-24.028,-7.158,-3.603,2.489,0.180,0.154,0.636,0.491
1477010461450000,-24.182,-6.893,-3.338,3.451,-24.028,-7.158,-3.603,2.489,0.180,0.155,0.635,0.493
1477010461500000,-24.347,-6.718,-3.242,3.541,-24.318,-6.655,-3.336,3.457,0.180,0.155,0.634,0.492
1477010461550000,-24.507,-6.539,-3.143,3.629,-24.318,-6.655,-3.336,3.457,0.180,0.155,0.633,0.491
1477010461600000,-24.661,-6.355,-3.042,3.713,-24.463,-6.378,-2.619,3.194,0.180,0.154,0.633,0.491
1477010461650000,-24.811,-6.168,-2.938,3.796,-24.463,-6.378,-2.619,3.194,0.181,0.154,0.632,0.492
1477010461700000,-24.955,-5.976,-2.833,3.875,-24.951,-5.984,-3.478,3.479,0.180,0.154,0.632,0.492
1477010461750000,-25.094,-5.780,-2.725,3.951,-24.951,-5.984,-3.478,3.479,0.180,0.154,0.633,0.491
1477010461800000,-25.228,-5.581,-2.616,4.025,-25.243,-5.640,-3.264,3.463,0.180,0.154,0.633,0.492
1477010461850000,-25.356,-5.378,-2.504,4.096,-25.243,-5.640,-3.264,3.463,0.180,0.155,0.633,0.492
1477010461900000,-25.478,-5.171,-2.391,4.163,-25.570,-5.191,-3.269,3.854,0.180,0.154,0.634,0.492
1477010461950000,-25.595,-4.962,-2.276,4.228,-25.570,-5.191,-3.269,3.854,0.180,0.155,0.635,0.491
1477010462000000,-25.706,-4.749,-2.160,4.289,-25.789,-4.856,-2.856,3.661,0.179,0.155,0.635,0.492
1477010462050000,-25.811,-4.533,-2.041,4.348,-25.789,-4.856,-2.856,3.661,0.179,0.155,0.636,0.492
1477010462100000,-25.910,-4.314,-1.922,4.403,-26.008,-4.370,-2.606,4.118,0.179,0.155,0.636,0.492
1477010462150000,-26.003,-4.092,-1.801,4.455,-26.008,-4.370,-2.606,4.118,0.179,0.156,0.636,0.492
1477010462200000,-26.090,-3.869,-1.679,4.503,-26.189,-3.807,-2.301,4.692,0.179,0.155,0.636,0.491
1477010462250000,-26.171,-3.642,-1.556,4.549,-26.189,-3.807,-2.301,4.692,0.178,0.155,0.637,0.491
1477010462300000,-26.245,-3.414,-1.432,4.591,-26.193,-3.289,-1.440,4.877,0.178,0.155,0.636,0.490
1477010462350000,-26.314,-3.183,-1.307,4.630,-26.193,-3.289,-1.440,4.877,0.178,0.155,0.635,0.490
1477010462400000,-26.376,-2.951,-1.182,4.665,-26.249,-2.843,-1.109,4.720,0.178,0.155,0.634,0.489
1477010462450000,-26.432,-2.717,-1.055,4.697,-26.249,-2.843,-1.109,4.720,0.178,0.155,0.633,0.488
1477010462500000,-26.482,-2.481,-0.928,4.726,-26.529,-2.568,-1.749,3.970,0.178,0.155,0.634,0.489
1477010462550000,-26.525,-2.245,-0.801,4.751,-26.529,-2.568,-1.749,3.970,0.178,0.156,0.635,0.490
1477010462600000,-26.562,-2.007,-0.673,4.773,-26.685,-2.172,-1.679,3.966,0.177,0.156,0.636,0.491
1477010462650000,-26.592,-1.767,-0.546,4.791,-26.685,-2.172,-1.679,3.966,0.177,0.157,0.638,0.492
1477010462700000,-26.616,-1.528,-0.418,4.807,-26.646,-1.645,-0.891,4.463,0.177,0.157,0.638,0.492
1477010462750000,-26.634,-1.287,-0.290,4.819,-26.646,-1.645,-0.891,4.463,0.177,0.157,0.637,0.492
1477010462800000,-26.645,-1.046,-0.162,4.827,-26.662,-1.169,-0.615,4.578,0.177,0.157,0.637,0.491
1477010462850000,-26.650,-0.804,-0.034,4.832,-26.662,-1.169,-0.615,4.578,0.176,0.158,0.637,0.491
1477010462900000,-26.648,-0.563,0.094,4.834,-26.730,-0.649,-0.639,4.813,0.176,0.158,0.637,0.490
1477010462950000,-26.641,-0.321,0.221,4.833,-26.730,-0.649,-0.639,4.813,0.176,0.159,0.638,0.490
1477010463000000,-26.626,-0.080,0.347,4.829,-26.612,-0.045,0.053,5.278,0.176,0.159,0.637,0.490
1477010463050000,-26.606,0.161,0.473,4.821,-26.612,-0.045,0.053,5.278,0.176,0.159,0.637,0.490
1477010463100000,-26.579,0.402,0.598,4.810,-26.614,0.533,0.025,5.469,0.175,0.159,0.637,0.490
1477010463150000,-26.546,0.642,0.723,4.797,-26.614,0.533,0.025,5.469,0.175,0.159,0.637,0.491
1477010463200000,-26.507,0.882,0.846,4.780,-26.675,1.070,-0.215,5.431,0.175,0.159,0.638,0.491
1477010463250000,-26.462,1.120,0.969,4.760,-26.675,1.070,-0.215,5.431,0.175,0.158,0.640,0.492
1477010463300000,-26.410,1.357,1.091,4.737,-26.536,1.510,0.392,5.042,0.175,0.158,0.640,0.491
1477010463350000,-26.353,1.594,1.211,4.712,-26.536,1.510,0.392,5.042,0.175,0.158,0.641,0.491
1477010463400000,-26.289,1.828,1.330,4.683,-26.423,1.896,0.674,4.590,0.175,0.158,0.641,0.490
1477010463450000,-26.220,2.062,1.448,4.652,-26.423,1.896,0.674,4.590,0.175,0.158,0.641,0.490
1477010463500000,-26.144,2.293,1.565,4.619,-26.299,2.263,0.889,4.243,0.175,0.158,0.641,0.489
1477010463550000,-26.063,2.523,1.680,4.582,-26.299,2.263,0.889,4.243,0.175,0.158,0.642,0.489
1477010463600000,-25.976,2.751,1.793,4.543,-26.132,2.752,1.188,4.487,0.175,0.158,0.642,0.489
1477010463650000,-25.884,2.977,1.905,4.502,-26.132,2.752,1.188,4.487,0.175,0.158,0.642,0.488
1477010463700000,-25.786,3.201,2.016,4.458,-25.917,3.318,1.552,4.935,0.175,0.158,0.641,0.488
1477010463750000,-25.683,3.423,2.125,4.412,-25.917,3.318,1.552,4.935,0.176,0.158,0.641,0.488
1477010463800000,-25.574,3.642,2.231,4.364,-25.711,3.717,1.747,4.574,0.175,0.158,0.641,0.488
1477010463850000,-25.460,3.859,2.337,4.314,-25.711,3.717,1.747,4.574,0.176,0.158,0.641,0.487
1477010463900000,-25.340,4.074,2.440,4.261,-25.651,4.081,1.312,4.217,0.176,0.158,0.642,0.487
1477010463950000,-25.216,4.285,2.541,4.207,-25.651,4.081,1.312,4.217,0.177,0.158,0.644,0.486
1477010464000000,-25.086,4.494,2.641,4.151,-25.252,4.516,2.328,4.270,0.177,0.158,0.644,0.485
1477010464050000,-24.952,4.700,2.738,4.093,-25.252,4.516,2.328,4.270,0.178,0.158,0.643,0.485
1477010464100000,-24.813,4.903,2.834,4.033,-25.028,4.912,2.293,4.151,0.178,0.158,0.643,0.484
1477010464150000,-24.669,5.103,2.927,3.971,-25.028,4.912,2.293,4.151,0.178,0.158,0.643,0.484
1477010464200000,-24.520,5.300,3.018,3.908,-24.641,5.341,2.895,4.204,0.178,0.157,0.642,0.484
1477010464250000,-24.367,5.494,3.108,3.844,-24.641,5.341,2.895,4.204,0.178,0.157,0.642,0.483
1477010464300000,-24.210,5.684,3.195,3.778,-24.225,5.681,3.376,3.898,0.178,0.157,0.641,0.483
1477010464350000,-24.048,5.871,3.280,3.711,-24.225,5.681,3.376,3.898,0.178,0.157,0.640,0.482
1477010464400000,-23.882,6.055,3.362,3.643,-23.902,6.003,3.318,3.639,0.178,0.157,0.640,0.482
1477010464450000,-23.712,6.235,3.443,3.574,-23.902,6.003,3.318,3.639,0.178,0.157,0.639,0.481
1477010464500000,-23.538,6.412,3.521,3.504,-23.612,6.326,3.162,3.485,0.178,0.157,0.638,0.481
1477010464550000,-23.360,6.586,3.598,3.432,-23.612,6.326,3.162,3.485,0.178,0.158,0.638,0.480
1477010464600000,-23.178,6.755,3.672,3.360,-23.142,6.775,3.745,3.868,0.178,0.157,0.637,0.480
1477010464650000,-22.993,6.921,3.744,3.288,-23.142,6.775,3.745,3.868,0.178,0.157,0.636,0.480
1477010464700000,-22.804,7.084,3.813,3.214,-22.731,7.109,3.885,3.666,0.178,0.157,0.636,0.480
1477010464750000,-22.612,7.243,3.881,3.140,-22.731,7.109,3.885,3.666,0.178,0.157,0.635,0.480
1477010464800000,-22.416,7.398,3.946,3.066,-22.431,7.389,3.546,3.339,0.177,0.157,0.635,0.480
1477010464850000,-22.217,7.549,4.010,2.991,-22.431,7.389,3.546,3.339,0.177,0.157,0.634,0.480
1477010464900000,-22.015,7.697,4.071,2.916,-22.140,7.708,3.305,3.281,0.177,0.157,0.635,0.480
1477010464950000,-21.810,7.841,4.130,2.841,-22.140,7.708,3.305,3.281,0.178,0.157,0.635,0.479
1477010465000000,-21.603,7.981,4.187,2.765,-21.722,7.984,3.637,3.085,0.178,0.157,0.635,0.479
1477010465050000,-21.392,8.117,4.242,2.690,-21.722,7.984,3.637,3.085,0.178,0.157,0.635,0.479
1477010465100000,-21.179,8.250,4.294,2.614,-21.212,8.046,4.195,2.144,0.178,0.157,0.634,0.479
1477010465150000,-20.963,8.378,4.345,2.539,-21.212,8.046,4.195,2.144,0.178,0.157,0.633,0.479
1477010465200000,-20.744,8.503,4.394,2.463,-20.932,8.394,3.665,2.654,0.178,0.157,0.634,0.478
1477010465250000,-20.524,8.625,4.441,2.388,-20.932,8.394,3.665,2.654,0.179,0.157,0.634,0.478
1477010465300000,-20.301,8.742,4.486,2.314,-20.374,8.675,4.390,2.715,0.179,0.157,0.633,0.478
1477010465350000,-20.075,8.856,4.529,2.239,-20.374,8.675,4.390,2.715,0.179,0.157,0.633,0.478
1477010465400000,-19.848,8.966,4.570,2.165,-20.004,8.904,4.130,2.552,0.179,0.157,0.632,0.478
1477010465450000,-19.619,9.072,4.609,2.092,-20.004,8.904,4.130,2.552,0.180,0.157,0.632,0.478
1477010465500000,-19.387,9.175,4.647,2.019,-19.535,9.056,4.344,2.159,0.180,0.157,0.631,0.477
1477010465550000,-19.154,9.274,4.683,1.947,-19.535,9.056,4.344,2.159,0.181,0.157,0.631,0.477
1477010465600000,-18.919,9.370,4.717,1.875,-18.874,9.229,5.205,1.996,0.180,0.157,0.631,0.476
1477010465650000,-18.683,9.462,4.749,1.804,-18.874,9.229,5.205,1.996,0.180,0.157,0.630,0.476
1477010465700000,-18.445,9.550,4.780,1.734,-18.391,9.450,5.060,2.077,0.180,0.157,0.630,0.475
1477010465750000,-18.205,9.635,4.810,1.665,-18.391,9.450,5.060,2.077,0.180,0.157,0.629,0.475
1477010465800000,-17.964,9.716,4.837,1.597,-17.825,9.694,5.289,2.214,0.180,0.157,0.629,0.476
1477010465850000,-17.721,9.795,4.864,1.530,-17.825,9.694,5.289,2.214,0.180,0.157,0.629,0.476
1477010465900000,-17.478,9.869,4.889,1.463,-17.322,9.897,5.192,2.145,0.180,0.157,0.628,0.477
1477010465950000,-17.233,9.941,4.912,1.398,-17.322,9.897,5.192,2.145,0.180,0.157,0.627,0.478
1477010466000000,-16.987,10.009,4.934,1.334,-16.848,10.129,5.019,2.214,0.180,0.157,0.627,0.479
1477010466050000,-16.740,10.074,4.955,1.271,-16.848,10.129,5.019,2.214,0.180,0.157,0.626,0.480
1477010466100000,-16.491,10.136,4.975,1.209,-16.437,10.328,4.674,2.129,0.179,0.157,0.626,0.482
1477010466150000,-16.242,10.195,4.993,1.149,-16.437,10.328,4.674,2.129,0.180,0.157,0.625,0.483
1477010466200000,-15.992,10.251,5.010,1.090,-15.989,10.350,4.600,1.400,0.179,0.157,0.625,0.483
1477010466250000,-15.742,10.304,5.027,1.032,-15.989,10.350,4.600,1.400,0.179,0.156,0.624,0.483
1477010466300000,-15.490,10.354,5.042,0.975,-15.551,10.329,4.517,0.789,0.179,0.156,0.624,0.482
1477010466350000,-15.238,10.402,5.056,0.920,-15.551,10.329,4.517,0.789,0.180,0.156,0.624,0.482
1477010466400000,-14.985,10.446,5.069,0.866,-15.012,10.442,4.849,0.920,0.180,0.156,0.623,0.481
1477010466450000,-14.731,10.488,5.081,0.813,-15.012,10.442,4.849,0.920,0.180,0.156,0.623,0.481
1477010466500000,-14.477,10.528,5.092,0.762,-14.464,10.367,5.090,0.283,0.180,0.156,0.622,0.481
1477010466550000,-14.222,10.564,5.103,0.713,-14.464,10.367,5.090,0.283,0.180,0.156,0.622,0.481
1477010466600000,-13.967,10.599,5.113,0.665,-13.874,10.687,5.396,1.392,0.180,0.156,0.621,0.481
1477010466650000,-13.711,10.631,5.122,0.618,-13.874,10.687,5.396,1.392,0.180,0.156,0.620,0.482
1477010466700000,-13.455,10.661,5.130,0.574,-13.346,10.679,5.353,0.832,0.179,0.155,0.620,0.482
1477010466750000,-13.198,10.688,5.137,0.530,-13.346,10.679,5.353,0.832,0.179,0.155,0.619,0.482
1477010466800000,-12.941,10.714,5.144,0.489,-12.890,10.895,5.050,1.338,0.179,0.155,0.619,0.483
1477010466850000,-12.684,10.737,5.151,0.448,-12.890,10.895,5.050,1.338,0.179,0.155,0.618,0.484
1477010466900000,-12.426,10.759,5.157,0.410,-12.378,10.804,5.078,0.482,0.179,0.155,0.617,0.483
1477010466950000,-12.168,10.778,5.162,0.373,-12.378,10.804,5.078,0.482,0.179,0.155,0.617,0.483
1477010467000000,-11.910,10.796,5.167,0.338,-11.910,10.959,4.925,0.889,0.179,0.155,0.616,0.483
1477010467050000,-11.652,10.812,5.171,0.305,-11.910,10.959,4.925,0.889,0.179,0.155,0.616,0.483
1477010467100000,-11.393,10.827,5.175,0.273,-11.438,10.990,4.849,0.671,0.179,0.155,0.615,0.483
1477010467150000,-11.134,10.839,5.178,0.243,-11.438,10.990,4.849,0.671,0.179,0.155,0.615,0.483
1477010467200000,-10.875,10.851,5.182,0.214,-10.764,10.856,5.568,-0.095,0.179,0.155,0.614,0.483
1477010467250000,-10.616,10.861,5.184,0.188,-10.764,10.856,5.568,-0.095,0.179,0.155,0.614,0.482
1477010467300000,-10.357,10.870,5.187,0.163,-10.318,10.862,5.145,-0.038,0.179,0.155,0.613,0.482
1477010467350000,-10.098,10.877,5.189,0.140,-10.318,10.862,5.145,-0.038,0.179,0.154,0.613,0.482
1477010467400000,-9.838,10.884,5.191,0.118,-9.820,10.990,5.082,0.463,0.179,0.154,0.612,0.481
1477010467450000,-9.579,10.889,5.193,0.099,-9.820,10.990,5.082,0.463,0.179,0.154,0.612,0.481
1477010467500000,-9.319,10.894,5.194,0.081,-9.309,11.035,5.093,0.461,0.179,0.154,0.611,0.481
1477010467550000,-9.059,10.897,5.196,0.065,-9.309,11.035,5.093,0.461,0.179,0.154,0.610,0.481
1477010467600000,-8.799,10.900,5.197,0.050,-8.794,11.076,5.115,0.439,0.179,0.154,0.610,0.481
1477010467650000,-8.540,10.902,5.198,0.038,-8.794,11.076,5.115,0.439,0.179,0.154,0.609,0.480
1477010467700000,-8.280,10.904,5.198,0.027,-8.464,10.872,4.425,-0.504,0.179,0.154,0.610,0.481
1477010467750000,-8.020,10.905,5.199,0.018,-8.464,10.872,4.425,-0.504,0.180,0.154,0.610,0.481
1477010467800000,-7.760,10.906,5.199,0.011,-7.752,10.917,5.450,-0.138,0.180,0.154,0.609,0.480
1477010467850000,-7.500,10.906,5.200,0.005,-7.752,10.917,5.450,-0.138,0.180,0.154,0.609,0.480
1477010467900000,-7.240,10.906,5.200,0.002,-7.180,10.856,5.553,-0.319,0.180,0.154,0.608,0.479
