time,gt_x,gt_y,gt_vx,gt_vy,est_x,est_y,est_vx,est_vy,rmse_x,rmse_y,rmse_vx,rmse_vy
1477010443000000,0.600,0.600,5.200,0.000,0.000,0.000,0.000,0.000,0.600,0.600,5.200,0.000
1477010443050000,0.860,0.600,5.200,0.002,0.863,0.534,4.160,2.575,0.424,0.427,3.750,1.820
1477010443100000,1.120,0.600,5.199,0.005,0.863,0.534,4.160,2.575,0.377,0.351,3.120,2.100
1477010443150000,1.380,0.601,5.199,0.011,0.954,0.472,4.401,0.975,0.390,0.310,2.731,1.881
1477010443200000,1.640,0.601,5.198,0.018,0.954,0.472,4.401,0.975,0.464,0.284,2.469,1.736
1477010443250000,1.900,0.602,5.198,0.027,1.559,0.456,5.426,-0.436,0.446,0.266,2.256,1.596
1477010443300000,2.160,0.604,5.197,0.038,1.559,0.456,5.426,-0.436,0.471,0.252,2.090,1.489
1477010443350000,2.420,0.606,5.196,0.050,2.006,0.519,5.085,0.265,0.464,0.238,1.955,1.395
1477010443400000,2.679,0.609,5.195,0.065,2.006,0.519,5.085,0.265,0.492,0.226,1.844,1.317
1477010443450000,2.939,0.613,5.193,0.081,2.623,0.573,5.210,0.263,0.477,0.215,1.749,1.250
1477010443500000,3.199,0.617,5.191,0.099,2.623,0.573,5.210,0.263,0.487,0.206,1.668,1.193
1477010443550000,3.458,0.623,5.190,0.118,3.237,0.525,5.290,-0.133,0.471,0.199,1.597,1.145
1477010443600000,3.718,0.629,5.188,0.140,3.237,0.525,5.290,-0.133,0.471,0.193,1.535,1.102
1477010443650000,3.977,0.637,5.185,0.163,3.841,0.575,5.411,0.066,0.456,0.187,1.480,1.063
1477010443700000,4.236,0.645,5.183,0.188,3.841,0.575,5.411,0.066,0.452,0.182,1.431,1.027
1477010443750000,4.495,0.655,5.180,0.214,4.401,0.615,5.256,0.147,0.438,0.176,1.386,0.995
1477010443800000,4.754,0.667,5.176,0.243,4.401,0.615,5.256,0.147,0.434,0.171,1.345,0.965
1477010443850000,5.013,0.680,5.173,0.273,4.945,0.631,5.024,0.111,0.422,0.167,1.307,0.939
1477010443900000,5.272,0.694,5.169,0.304,4.945,0.631,5.024,0.111,0.417,0.163,1.273,0.915
1477010443950000,5.530,0.710,5.164,0.338,5.440,0.652,5.265,0.175,0.407,0.159,1.241,0.892
1477010444000000,5.788,0.728,5.159,0.373,5.440,0.652,5.265,0.175,0.405,0.156,1.211,0.872
1477010444050000,6.046,0.748,5.154,0.410,5.944,0.559,5.058,-0.171,0.396,0.158,1.183,0.861
1477010444100000,6.304,0.769,5.148,0.448,5.944,0.559,5.058,-0.171,0.394,0.161,1.158,0.852
1477010444150000,6.561,0.793,5.142,0.488,6.459,0.644,5.024,0.127,0.387,0.160,1.133,0.837
1477010444200000,6.818,0.818,5.135,0.530,6.459,0.644,5.024,0.127,0.386,0.161,1.111,0.824
1477010444250000,7.075,0.846,5.127,0.573,6.979,0.639,4.825,0.056,0.379,0.163,1.091,0.814
1477010444300000,7.331,0.875,5.119,0.618,6.979,0.639,4.825,0.056,0.378,0.166,1.072,0.806
1477010444350000,7.587,0.907,5.109,0.665,7.562,0.695,5.248,0.214,0.371,0.168,1.053,0.796
1477010444400000,7.842,0.942,5.100,0.712,7.562,0.695,5.248,0.214,0.368,0.171,1.035,0.788
1477010444450000,8.097,0.979,5.089,0.762,8.088,0.764,4.952,0.308,0.362,0.173,1.018,0.779
1477010444500000,8.351,1.018,5.078,0.813,8.088,0.764,4.952,0.308,0.359,0.176,1.002,0.772
1477010444550000,8.605,1.060,5.065,0.865,8.583,1.029,5.240,0.954,0.354,0.173,0.986,0.760
1477010444600000,8.858,1.105,5.052,0.919,8.583,1.029,5.240,0.954,0.351,0.171,0.972,0.748
1477010444650000,9.110,1.152,5.038,0.974,9.182,1.110,5.245,0.896,0.346,0.169,0.958,0.737
1477010444700000,9.362,1.202,5.023,1.031,9.182,1.110,5.245,0.896,0.343,0.167,0.945,0.727
1477010444750000,9.613,1.255,5.007,1.089,9.737,1.295,5.238,1.110,0.339,0.165,0.933,0.717
1477010444800000,9.863,1.311,4.989,1.148,9.737,1.295,5.238,1.110,0.335,0.163,0.921,0.707
1477010444850000,10.112,1.370,4.971,1.208,10.249,1.493,4.902,1.258,0.331,0.162,0.909,0.698
1477010444900000,10.360,1.432,4.951,1.270,10.249,1.493,4.902,1.258,0.327,0.160,0.897,0.689
1477010444950000,10.607,1.497,4.930,1.333,10.726,1.637,4.621,1.258,0.324,0.160,0.887,0.680
1477010445000000,10.853,1.565,4.908,1.397,10.726,1.637,4.621,1.258,0.320,0.158,0.877,0.672
1477010445050000,11.098,1.637,4.884,1.462,11.250,1.648,4.903,1.021,0.317,0.156,0.867,0.668
1477010445100000,11.342,1.712,4.859,1.528,11.250,1.648,4.903,1.021,0.314,0.155,0.857,0.665
1477010445150000,11.584,1.790,4.833,1.596,11.713,1.691,4.822,0.894,0.311,0.154,0.847,0.665
1477010445200000,11.825,1.871,4.805,1.664,11.713,1.691,4.822,0.894,0.308,0.154,0.837,0.668
1477010445250000,12.065,1.956,4.776,1.733,12.199,1.901,5.009,1.185,0.305,0.153,0.829,0.666
1477010445300000,12.303,2.045,4.745,1.803,12.199,1.901,5.009,1.185,0.302,0.153,0.821,0.665
1477010445350000,12.539,2.137,4.713,1.873,12.703,1.953,5.130,1.063,0.300,0.153,0.815,0.668
1477010445400000,12.774,2.232,4.678,1.945,12.703,1.953,5.130,1.063,0.297,0.157,0.809,0.673
1477010445450000,13.007,2.331,4.643,2.017,13.209,2.239,5.199,1.447,0.296,0.156,0.805,0.671
1477010445500000,13.239,2.434,4.605,2.090,13.209,2.239,5.199,1.447,0.293,0.157,0.801,0.671
1477010445550000,13.468,2.540,4.566,2.163,13.558,2.589,4.536,1.765,0.290,0.155,0.793,0.666
1477010445600000,13.696,2.651,4.524,2.237,13.558,2.589,4.536,1.765,0.288,0.154,0.786,0.663
1477010445650000,13.921,2.764,4.481,2.311,13.995,2.764,4.533,1.770,0.285,0.153,0.779,0.661
1477010445700000,14.144,2.882,4.437,2.386,13.995,2.764,4.533,1.770,0.284,0.152,0.772,0.660
1477010445750000,14.365,3.003,4.390,2.461,14.487,2.921,4.813,1.770,0.282,0.151,0.767,0.661
1477010445800000,14.583,3.128,4.341,2.536,14.487,2.921,4.813,1.770,0.279,0.152,0.763,0.663
1477010445850000,14.799,3.257,4.290,2.612,14.913,3.341,4.744,2.247,0.277,0.151,0.758,0.659
1477010445900000,15.012,3.389,4.237,2.687,14.913,3.341,4.744,2.247,0.275,0.150,0.755,0.656
1477010445950000,15.223,3.526,4.183,2.762,15.337,3.711,4.405,2.446,0.273,0.151,0.749,0.652
1477010446000000,15.431,3.666,4.126,2.838,15.337,3.711,4.405,2.446,0.271,0.150,0.744,0.648
1477010446050000,15.636,3.810,4.067,2.913,15.788,3.815,4.403,2.188,0.270,0.149,0.739,0.650
1477010446100000,15.837,3.957,4.006,2.988,15.788,3.815,4.403,2.188,0.268,0.148,0.735,0.652
1477010446150000,16.036,4.109,3.943,3.063,16.210,4.068,4.165,2.189,0.267,0.147,0.729,0.656
1477010446200000,16.232,4.264,3.877,3.137,16.210,4.068,4.165,2.189,0.265,0.148,0.725,0.662
1477010446250000,16.424,4.422,3.810,3.211,16.640,4.337,4.241,2.291,0.264,0.147,0.721,0.666
1477010446300000,16.613,4.585,3.740,3.284,16.640,4.337,4.241,2.291,0.262,0.149,0.718,0.672
1477010446350000,16.798,4.751,3.668,3.357,16.987,4.683,3.723,2.364,0.261,0.149,0.713,0.678
1477010446400000,16.980,4.921,3.594,3.429,16.987,4.683,3.723,2.364,0.259,0.150,0.708,0.685
1477010446450000,17.158,5.094,3.518,3.500,17.370,4.850,3.753,2.249,0.258,0.152,0.704,0.697
1477010446500000,17.332,5.271,3.440,3.570,17.370,4.850,3.753,2.249,0.257,0.159,0.700,0.709
1477010446550000,17.502,5.451,3.359,3.639,17.739,4.994,3.677,2.096,0.256,0.167,0.696,0.727
1477010446600000,17.668,5.635,3.276,3.708,17.739,4.994,3.677,2.096,0.255,0.182,0.692,0.747
1477010446650000,17.830,5.822,3.192,3.775,18.038,5.416,3.426,2.396,0.254,0.187,0.688,0.759
1477010446700000,17.987,6.013,3.105,3.840,18.038,5.416,3.426,2.396,0.253,0.198,0.685,0.772
1477010446750000,18.140,6.206,3.015,3.905,18.308,5.952,3.321,2.895,0.252,0.199,0.681,0.776
1477010446800000,18.289,6.403,2.924,3.968,18.308,5.952,3.321,2.895,0.250,0.204,0.678,0.780
1477010446850000,18.433,6.603,2.831,4.029,18.568,6.435,3.095,3.170,0.249,0.204,0.674,0.781
1477010446900000,18.572,6.806,2.736,4.089,18.568,6.435,3.095,3.170,0.247,0.206,0.671,0.783
1477010446950000,18.706,7.012,2.638,4.147,18.853,6.878,3.102,3.391,0.246,0.206,0.669,0.783
1477010447000000,18.836,7.221,2.539,4.203,18.853,6.878,3.102,3.391,0.245,0.208,0.668,0.783
1477010447050000,18.960,7.433,2.438,4.257,19.060,7.261,2.686,3.375,0.244,0.208,0.665,0.784
1477010447100000,19.080,7.647,2.335,4.310,19.060,7.261,2.686,3.375,0.242,0.211,0.662,0.786
1477010447150000,19.194,7.864,2.229,4.360,19.326,7.619,2.704,3.416,0.241,0.211,0.660,0.788
1477010447200000,19.303,8.083,2.123,4.408,19.326,7.619,2.704,3.416,0.240,0.216,0.659,0.791
1477010447250000,19.406,8.305,2.014,4.454,19.525,8.025,2.612,3.543,0.239,0.217,0.658,0.793
1477010447300000,19.504,8.529,1.904,4.498,19.525,8.025,2.612,3.543,0.237,0.222,0.659,0.795
1477010447350000,19.597,8.755,1.792,4.540,19.755,8.368,2.376,3.448,0.236,0.225,0.658,0.799
1477010447400000,19.683,8.983,1.678,4.578,19.755,8.368,2.376,3.448,0.235,0.233,0.658,0.803
1477010447450000,19.765,9.213,1.563,4.615,19.895,8.888,2.064,3.632,0.234,0.234,0.657,0.805
1477010447500000,19.840,9.445,1.447,4.649,19.895,8.888,2.064,3.632,0.233,0.240,0.656,0.808
1477010447550000,19.909,9.678,1.329,4.680,20.002,9.366,1.718,3.716,0.232,0.241,0.654,0.810
1477010447600000,19.973,9.913,1.210,4.708,20.002,9.366,1.718,3.716,0.231,0.246,0.653,0.812
1477010447650000,20.030,10.149,1.090,4.734,19.968,10.195,1.444,4.463,0.230,0.245,0.650,0.808
1477010447700000,20.082,10.386,0.968,4.757,19.968,10.195,1.444,4.463,0.229,0.244,0.649,0.804
1477010447750000,20.127,10.625,0.846,4.777,20.023,10.678,1.046,4.400,0.228,0.243,0.646,0.801
1477010447800000,20.166,10.864,0.722,4.793,20.023,10.678,1.046,4.400,0.227,0.243,0.643,0.798
1477010447850000,20.199,11.104,0.598,4.807,19.972,11.412,0.772,4.822,0.227,0.243,0.640,0.794
1477010447900000,20.226,11.345,0.473,4.818,19.972,11.412,0.772,4.822,0.227,0.242,0.638,0.790
1477010447950000,20.247,11.586,0.347,4.826,19.892,11.947,0.096,4.643,0.229,0.244,0.635,0.786
1477010448000000,20.261,11.828,0.220,4.830,19.892,11.947,0.096,4.643,0.231,0.243,0.632,0.783
1477010448050000,20.269,12.069,0.093,4.832,19.966,12.321,0.419,4.648,0.232,0.243,0.630,0.779
1477010448100000,20.270,12.311,-0.034,4.830,19.966,12.321,0.419,4.648,0.232,0.242,0.628,0.775
1477010448150000,20.265,12.552,-0.162,4.825,19.988,12.688,0.006,4.260,0.233,0.241,0.625,0.774
1477010448200000,20.254,12.793,-0.289,4.816,19.988,12.688,0.006,4.260,0.233,0.240,0.623,0.772
1477010448250000,20.236,13.034,-0.417,4.804,20.152,12.879,0.152,3.840,0.232,0.239,0.622,0.774
1477010448300000,20.212,13.274,-0.545,4.789,20.152,12.879,0.152,3.840,0.231,0.241,0.623,0.776
1477010448350000,20.182,13.513,-0.673,4.771,20.111,13.324,0.031,3.903,0.230,0.241,0.624,0.777
1477010448400000,20.145,13.751,-0.801,4.749,20.111,13.324,0.031,3.903,0.229,0.243,0.626,0.777
1477010448450000,20.102,13.988,-0.928,4.724,20.131,13.648,-0.152,3.660,0.228,0.244,0.628,0.780
1477010448500000,20.052,14.223,-1.055,4.695,20.131,13.648,-0.152,3.660,0.227,0.249,0.631,0.783
1477010448550000,19.996,14.457,-1.181,4.663,20.029,14.099,-0.375,3.709,0.226,0.250,0.633,0.785
1477010448600000,19.934,14.690,-1.307,4.628,20.029,14.099,-0.375,3.709,0.226,0.255,0.636,0.786
1477010448650000,19.865,14.920,-1.432,4.589,20.032,14.365,-0.376,3.525,0.225,0.259,0.641,0.789
1477010448700000,19.791,15.149,-1.556,4.548,20.032,14.365,-0.376,3.525,0.225,0.268,0.647,0.791
1477010448750000,19.710,15.375,-1.679,4.502,19.902,14.782,-1.047,3.122,0.225,0.273,0.647,0.798
1477010448800000,19.623,15.599,-1.801,4.454,19.902,14.782,-1.047,3.122,0.225,0.282,0.648,0.804
1477010448850000,19.530,15.820,-1.922,4.402,19.819,15.090,-0.986,3.133,0.226,0.289,0.651,0.809
1477010448900000,19.431,16.039,-2.041,4.347,19.819,15.090,-0.986,3.133,0.228,0.300,0.656,0.813
1477010448950000,19.326,16.255,-2.159,4.289,19.604,15.556,-1.137,3.372,0.228,0.306,0.659,0.814
1477010449000000,19.215,16.468,-2.276,4.227,19.604,15.556,-1.137,3.372,0.230,0.316,0.665,0.815
1477010449050000,19.098,16.678,-2.391,4.163,19.423,15.960,-1.451,3.260,0.231,0.321,0.668,0.815
1477010449100000,18.976,16.884,-2.504,4.095,19.423,15.960,-1.451,3.260,0.234,0.330,0.672,0.816
1477010449150000,18.848,17.087,-2.616,4.025,19.062,16.553,-2.162,3.133,0.234,0.333,0.670,0.816
1477010449200000,18.714,17.287,-2.725,3.951,19.062,16.553,-2.162,3.133,0.235,0.338,0.669,0.816
1477010449250000,18.575,17.482,-2.833,3.875,18.854,16.923,-1.924,3.414,0.235,0.340,0.672,0.814
1477010449300000,18.431,17.674,-2.939,3.796,18.854,16.923,-1.924,3.414,0.237,0.345,0.675,0.812
1477010449350000,18.281,17.862,-3.042,3.714,18.585,17.314,-2.121,3.402,0.238,0.347,0.677,0.809
1477010449400000,18.127,18.045,-3.143,3.629,18.585,17.314,-2.121,3.402,0.240,0.352,0.681,0.806
1477010449450000,17.967,18.225,-3.242,3.542,18.340,17.587,-2.510,2.978,0.242,0.355,0.681,0.804
1477010449500000,17.803,18.399,-3.338,3.452,18.340,17.587,-2.510,2.978,0.245,0.361,0.682,0.802
1477010449550000,17.633,18.570,-3.432,3.360,18.166,17.889,-2.468,2.858,0.249,0.364,0.685,0.801
1477010449600000,17.459,18.735,-3.524,3.265,18.166,17.889,-2.468,2.858,0.255,0.370,0.688,0.798
1477010449650000,17.281,18.896,-3.613,3.168,17.896,18.131,-2.694,2.588,0.260,0.375,0.690,0.797
1477010449700000,17.098,19.052,-3.699,3.069,17.896,18.131,-2.694,2.588,0.268,0.382,0.693,0.795
1477010449750000,16.911,19.203,-3.782,2.968,17.381,18.697,-3.112,2.868,0.270,0.383,0.693,0.792
1477010449800000,16.720,19.349,-3.863,2.865,17.381,18.697,-3.112,2.868,0.275,0.385,0.693,0.789
1477010449850000,16.525,19.489,-3.940,2.759,16.802,19.243,-3.683,2.904,0.275,0.384,0.691,0.786
1477010449900000,16.326,19.625,-4.015,2.652,16.802,19.243,-3.683,2.904,0.277,0.384,0.689,0.784
1477010449950000,16.124,19.755,-4.087,2.544,16.499,19.287,-3.857,2.397,0.277,0.385,0.687,0.781
1477010450000000,15.918,19.879,-4.156,2.433,16.499,19.287,-3.857,2.397,0.281,0.387,0.685,0.778
1477010450050000,15.708,19.998,-4.222,2.321,16.168,19.471,-3.719,2.415,0.282,0.388,0.684,0.776
1477010450100000,15.496,20.111,-4.285,2.208,16.168,19.471,-3.719,2.415,0.287,0.390,0.683,0.773
1477010450150000,15.280,20.219,-4.344,2.093,15.405,20.082,-4.362,2.684,0.286,0.389,0.681,0.772
1477010450200000,15.061,20.320,-4.401,1.978,15.405,20.082,-4.362,2.684,0.287,0.388,0.679,0.772
1477010450250000,14.840,20.416,-4.454,1.861,14.952,20.260,-4.590,2.345,0.286,0.387,0.676,0.770
1477010450300000,14.616,20.506,-4.504,1.743,14.952,20.260,-4.590,2.345,0.286,0.386,0.674,0.769
1477010450350000,14.390,20.590,-4.551,1.624,14.333,20.584,-4.967,2.188,0.285,0.385,0.673,0.768
1477010450400000,14.161,20.669,-4.595,1.504,14.333,20.584,-4.967,2.188,0.285,0.384,0.671,0.767
1477010450450000,13.930,20.741,-4.636,1.384,13.812,20.785,-5.162,1.900,0.284,0.383,0.670,0.766
1477010450500000,13.698,20.807,-4.674,1.263,13.812,20.785,-5.162,1.900,0.283,0.381,0.669,0.765
1477010450550000,13.463,20.867,-4.708,1.142,13.406,20.813,-5.252,1.321,0.282,0.380,0.668,0.763
1477010450600000,13.227,20.921,-4.739,1.020,13.406,20.813,-5.252,1.321,0.282,0.379,0.668,0.761
1477010450650000,12.990,20.969,-4.767,0.898,12.918,20.950,-5.244,1.191,0.281,0.378,0.667,0.759
1477010450700000,12.751,21.011,-4.792,0.775,12.918,20.950,-5.244,1.191,0.280,0.377,0.665,0.757
1477010450750000,12.511,21.047,-4.814,0.653,12.179,21.194,-5.635,1.137,0.280,0.376,0.666,0.755
1477010450800000,12.269,21.076,-4.832,0.531,12.179,21.194,-5.635,1.137,0.280,0.374,0.667,0.755
1477010450850000,12.028,21.100,-4.848,0.409,11.753,21.206,-5.578,0.733,0.280,0.373,0.668,0.753
1477010450900000,11.785,21.117,-4.860,0.287,11.753,21.206,-5.578,0.733,0.279,0.372,0.668,0.751
1477010450950000,11.542,21.128,-4.870,0.165,11.312,21.133,-5.527,0.351,0.278,0.371,0.668,0.749
1477010451000000,11.298,21.134,-4.876,0.044,11.312,21.133,-5.527,0.351,0.278,0.370,0.668,0.747
1477010451050000,11.054,21.133,-4.880,-0.077,10.792,21.050,-5.581,0.048,0.278,0.369,0.668,0.745
1477010451100000,10.810,21.126,-4.881,-0.197,10.792,21.050,-5.581,0.048,0.277,0.368,0.668,0.743
1477010451150000,10.567,21.113,-4.878,-0.316,10.022,21.166,-5.888,0.237,0.279,0.367,0.671,0.742
1477010451200000,10.323,21.094,-4.873,-0.435,10.022,21.166,-5.888,0.237,0.279,0.366,0.674,0.741
1477010451250000,10.080,21.070,-4.866,-0.552,9.513,21.148,-5.874,-0.100,0.282,0.365,0.676,0.740
1477010451300000,9.837,21.039,-4.856,-0.669,9.513,21.148,-5.874,-0.100,0.282,0.364,0.679,0.739
1477010451350000,9.594,21.003,-4.843,-0.785,9.022,21.109,-5.720,-0.141,0.285,0.363,0.680,0.738
1477010451400000,9.353,20.961,-4.827,-0.900,9.022,21.109,-5.720,-0.141,0.285,0.362,0.682,0.738
1477010451450000,9.112,20.913,-4.809,-1.014,8.698,20.974,-5.473,-0.629,0.286,0.361,0.681,0.737
1477010451500000,8.872,20.859,-4.789,-1.126,8.698,20.974,-5.473,-0.629,0.285,0.360,0.681,0.736
1477010451550000,8.633,20.800,-4.766,-1.237,8.584,20.658,-4.944,-1.181,0.285,0.359,0.680,0.734
1477010451600000,8.396,20.736,-4.741,-1.347,8.584,20.658,-4.944,-1.181,0.284,0.358,0.678,0.732
1477010451650000,8.159,20.666,-4.714,-1.455,8.143,20.500,-4.908,-1.390,0.283,0.357,0.676,0.730
1477010451700000,7.924,20.590,-4.685,-1.562,8.143,20.500,-4.908,-1.390,0.283,0.356,0.674,0.728
1477010451750000,7.691,20.510,-4.653,-1.668,7.760,20.335,-4.825,-1.713,0.282,0.355,0.672,0.725
1477010451800000,7.459,20.424,-4.620,-1.772,7.760,20.335,-4.825,-1.713,0.282,0.354,0.671,0.723
1477010451850000,7.229,20.333,-4.584,-1.874,7.242,20.163,-4.892,-1.745,0.282,0.354,0.669,0.721
1477010451900000,7.001,20.236,-4.547,-1.975,7.242,20.163,-4.892,-1.745,0.281,0.353,0.668,0.720
1477010451950000,6.775,20.135,-4.509,-2.074,6.766,19.995,-4.887,-1.825,0.281,0.352,0.667,0.718
1477010452000000,6.551,20.029,-4.468,-2.171,6.766,19.995,-4.887,-1.825,0.280,0.351,0.666,0.716
1477010452050000,6.328,19.918,-4.426,-2.266,6.329,19.827,-4.838,-1.995,0.279,0.350,0.664,0.715
1477010452100000,6.108,19.803,-4.382,-2.360,6.329,19.827,-4.838,-1.995,0.279,0.349,0.663,0.713
1477010452150000,5.890,19.682,-4.337,-2.452,5.734,19.603,-5.071,-2.313,0.279,0.348,0.664,0.711
1477010452200000,5.675,19.558,-4.291,-2.542,5.734,19.603,-5.071,-2.313,0.278,0.347,0.665,0.710
1477010452250000,5.461,19.428,-4.244,-2.630,5.433,19.270,-4.799,-2.566,0.277,0.346,0.664,0.708
1477010452300000,5.251,19.295,-4.195,-2.716,5.433,19.270,-4.799,-2.566,0.277,0.346,0.664,0.706
1477010452350000,5.042,19.157,-4.145,-2.801,5.172,19.006,-4.419,-2.533,0.276,0.345,0.662,0.704
1477010452400000,4.836,19.015,-4.094,-2.883,5.172,19.006,-4.419,-2.533,0.277,0.344,0.661,0.703
1477010452450000,4.633,18.869,-4.043,-2.964,4.524,18.797,-4.757,-2.732,0.276,0.343,0.661,0.701
1477010452500000,4.432,18.719,-3.990,-3.042,4.524,18.797,-4.757,-2.732,0.275,0.342,0.662,0.700
1477010452550000,4.234,18.565,-3.937,-3.119,4.226,18.486,-4.468,-2.769,0.275,0.341,0.661,0.698
1477010452600000,4.039,18.407,-3.883,-3.194,4.226,18.486,-4.468,-2.769,0.274,0.340,0.661,0.697
1477010452650000,3.846,18.246,-3.828,-3.266,3.643,18.243,-4.707,-3.262,0.274,0.340,0.662,0.695
1477010452700000,3.656,18.081,-3.773,-3.337,3.643,18.243,-4.707,-3.262,0.273,0.339,0.664,0.694
1477010452750000,3.469,17.912,-3.718,-3.406,3.499,17.876,-4.136,-3.196,0.272,0.338,0.663,0.692
1477010452800000,3.284,17.740,-3.662,-3.473,3.499,17.876,-4.136,-3.196,0.272,0.337,0.662,0.691
1477010452850000,3.103,17.565,-3.606,-3.538,2.952,17.578,-4.354,-3.490,0.272,0.336,0.662,0.689
1477010452900000,2.924,17.387,-3.550,-3.602,2.952,17.578,-4.354,-3.490,0.271,0.336,0.663,0.687
1477010452950000,2.748,17.205,-3.493,-3.663,2.731,17.151,-4.059,-3.869,0.270,0.335,0.663,0.686
1477010453000000,2.575,17.021,-3.437,-3.723,2.731,17.151,-4.059,-3.869,0.270,0.334,0.663,0.684
1477010453050000,2.404,16.833,-3.381,-3.780,2.381,16.803,-3.935,-3.528,0.269,0.334,0.662,0.683
1477010453100000,2.237,16.643,-3.324,-3.836,2.381,16.803,-3.935,-3.528,0.269,0.333,0.662,0.681
1477010453150000,2.072,16.450,-3.268,-3.890,1.893,16.424,-4.108,-3.522,0.268,0.332,0.663,0.680
1477010453200000,1.910,16.254,-3.212,-3.942,1.893,16.424,-4.108,-3.522,0.268,0.332,0.664,0.679
1477010453250000,1.751,16.056,-3.157,-3.993,1.550,16.076,-3.991,-3.595,0.267,0.331,0.665,0.678
1477010453300000,1.595,15.855,-3.101,-4.041,1.550,16.076,-3.991,-3.595,0.267,0.330,0.666,0.677
1477010453350000,1.441,15.652,-3.046,-4.088,1.296,15.639,-3.780,-4.109,0.266,0.329,0.667,0.675
1477010453400000,1.290,15.446,-2.992,-4.134,1.296,15.639,-3.780,-4.109,0.266,0.329,0.667,0.674
1477010453450000,1.142,15.239,-2.938,-4.177,0.874,15.264,-3.847,-4.053,0.266,0.328,0.669,0.672
1477010453500000,0.996,15.029,-2.885,-4.219,0.874,15.264,-3.847,-4.053,0.265,0.328,0.670,0.671
1477010453550000,0.854,14.817,-2.832,-4.260,0.651,14.887,-3.544,-3.969,0.265,0.327,0.671,0.669
1477010453600000,0.713,14.603,-2.781,-4.299,0.651,14.887,-3.544,-3.969,0.264,0.327,0.671,0.668
1477010453650000,0.576,14.387,-2.730,-4.336,0.447,14.418,-3.291,-4.401,0.264,0.326,0.671,0.667
1477010453700000,0.440,14.170,-2.679,-4.372,0.447,14.418,-3.291,-4.401,0.263,0.326,0.670,0.665
1477010453750000,0.308,13.950,-2.630,-4.406,0.082,13.943,-3.335,-4.772,0.263,0.325,0.670,0.664
1477010453800000,0.178,13.729,-2.581,-4.439,0.082,13.943,-3.335,-4.772,0.263,0.325,0.671,0.663
1477010453850000,0.050,13.507,-2.534,-4.471,-0.152,13.461,-3.143,-4.936,0.262,0.324,0.671,0.662
1477010453900000,-0.076,13.282,-2.487,-4.501,-0.152,13.461,-3.143,-4.936,0.262,0.323,0.670,0.661
1477010453950000,-0.199,13.057,-2.442,-4.530,-0.408,13.004,-3.037,-4.701,0.262,0.323,0.670,0.660
1477010454000000,-0.320,12.830,-2.397,-4.557,-0.408,13.004,-3.037,-4.701,0.261,0.322,0.670,0.658
1477010454050000,-0.439,12.601,-2.354,-4.583,-0.705,12.529,-3.043,-4.593,0.261,0.321,0.670,0.657
1477010454100000,-0.555,12.371,-2.312,-4.608,-0.705,12.529,-3.043,-4.593,0.261,0.321,0.670,0.655
1477010454150000,-0.670,12.140,-2.271,-4.632,-0.995,12.106,-2.989,-4.629,0.261,0.320,0.671,0.654
1477010454200000,-0.782,11.908,-2.231,-4.655,-0.995,12.106,-2.989,-4.629,0.261,0.320,0.671,0.653
1477010454250000,-0.893,11.675,-2.193,-4.676,-1.279,11.633,-2.944,-4.740,0.262,0.319,0.671,0.651
1477010454300000,-1.002,11.441,-2.156,-4.696,-1.279,11.633,-2.944,-4.740,0.262,0.319,0.672,0.650
1477010454350000,-1.109,11.206,-2.120,-4.715,-1.326,11.163,-2.471,-4.591,0.261,0.318,0.671,0.648
1477010454400000,-1.214,10.969,-2.086,-4.734,-1.326,11.163,-2.471,-4.591,0.261,0.317,0.670,0.647
1477010454450000,-1.317,10.732,-2.053,-4.751,-1.453,10.697,-2.172,-4.897,0.261,0.317,0.669,0.646
1477010454500000,-1.419,10.495,-2.021,-4.767,-1.453,10.697,-2.172,-4.897,0.260,0.316,0.667,0.644
1477010454550000,-1.519,10.256,-1.991,-4.782,-1.638,10.177,-2.085,-5.063,0.260,0.316,0.666,0.643
1477010454600000,-1.618,10.016,-1.962,-4.796,-1.638,10.177,-2.085,-5.063,0.259,0.315,0.664,0.642
1477010454650000,-1.715,9.776,-1.935,-4.809,-1.744,9.724,-1.882,-4.856,0.258,0.315,0.663,0.641
1477010454700000,-1.811,9.536,-1.909,-4.822,-1.744,9.724,-1.882,-4.856,0.258,0.314,0.662,0.639
1477010454750000,-1.906,9.294,-1.885,-4.833,-2.040,9.220,-2.057,-5.070,0.258,0.314,0.660,0.638
1477010454800000,-2.000,9.052,-1.862,-4.844,-2.040,9.220,-2.057,-5.070,0.257,0.313,0.659,0.637
1477010454850000,-2.093,8.810,-1.841,-4.853,-2.113,8.787,-1.776,-4.844,0.256,0.312,0.658,0.636
1477010454900000,-2.184,8.567,-1.822,-4.862,-2.113,8.787,-1.776,-4.844,0.256,0.312,0.656,0.634
1477010454950000,-2.275,8.324,-1.804,-4.870,-2.435,8.254,-2.065,-5.037,0.256,0.311,0.655,0.633
1477010455000000,-2.365,8.080,-1.787,-4.878,-2.435,8.254,-2.065,-5.037,0.255,0.311,0.654,0.632
1477010455050000,-2.453,7.836,-1.772,-4.884,-2.432,7.870,-1.555,-4.850,0.255,0.310,0.653,0.631
1477010455100000,-2.542,7.592,-1.759,-4.890,-2.432,7.870,-1.555,-4.850,0.254,0.310,0.652,0.629
1477010455150000,-2.629,7.347,-1.748,-4.895,-2.804,7.348,-2.136,-4.827,0.254,0.310,0.651,0.628
1477010455200000,-2.717,7.102,-1.738,-4.899,-2.804,7.348,-2.136,-4.827,0.253,0.309,0.650,0.627
1477010455250000,-2.803,6.857,-1.730,-4.903,-2.874,6.916,-1.702,-4.911,0.253,0.309,0.648,0.625
1477010455300000,-2.890,6.612,-1.723,-4.906,-2.874,6.916,-1.702,-4.911,0.253,0.309,0.647,0.624
1477010455350000,-2.976,6.367,-1.718,-4.908,-2.881,6.495,-1.400,-4.518,0.252,0.308,0.646,0.623
1477010455400000,-3.061,6.121,-1.715,-4.909,-2.881,6.495,-1.400,-4.518,0.252,0.309,0.645,0.623
1477010455450000,-3.147,5.876,-1.713,-4.910,-3.167,5.979,-1.666,-4.840,0.251,0.308,0.644,0.621
1477010455500000,-3.233,5.630,-1.713,-4.910,-3.167,5.979,-1.666,-4.840,0.251,0.308,0.643,0.620
1477010455550000,-3.318,5.385,-1.715,-4.909,-3.349,5.470,-1.807,-4.755,0.250,0.308,0.641,0.619
1477010455600000,-3.404,5.140,-1.718,-4.907,-3.349,5.470,-1.807,-4.755,0.250,0.308,0.640,0.618
1477010455650000,-3.490,4.894,-1.723,-4.905,-3.485,4.989,-1.599,-4.867,0.249,0.307,0.639,0.617
1477010455700000,-3.577,4.649,-1.729,-4.902,-3.485,4.989,-1.599,-4.867,0.249,0.307,0.638,0.615
1477010455750000,-3.663,4.404,-1.738,-4.899,-3.683,4.462,-1.870,-4.807,0.248,0.307,0.637,0.614
1477010455800000,-3.750,4.159,-1.747,-4.894,-3.683,4.462,-1.870,-4.807,0.248,0.307,0.635,0.613
1477010455850000,-3.838,3.915,-1.759,-4.889,-3.885,3.974,-1.789,-4.944,0.248,0.306,0.634,0.612
1477010455900000,-3.926,3.670,-1.772,-4.883,-3.885,3.974,-1.789,-4.944,0.247,0.306,0.633,0.611
1477010455950000,-4.015,3.426,-1.787,-4.877,-4.048,3.577,-1.806,-4.626,0.247,0.306,0.632,0.610
1477010456000000,-4.105,3.182,-1.803,-4.869,-4.048,3.577,-1.806,-4.626,0.246,0.306,0.630,0.609
1477010456050000,-4.196,2.939,-1.821,-4.861,-4.301,3.031,-2.116,-4.813,0.246,0.306,0.630,0.608
1477010456100000,-4.287,2.696,-1.841,-4.852,-4.301,3.031,-2.116,-4.813,0.245,0.306,0.629,0.606
1477010456150000,-4.380,2.454,-1.862,-4.842,-4.499,2.511,-2.004,-4.953,0.245,0.305,0.627,0.605
1477010456200000,-4.474,2.212,-1.884,-4.831,-4.499,2.511,-2.004,-4.953,0.245,0.305,0.626,0.604
1477010456250000,-4.568,1.971,-1.909,-4.820,-4.670,2.048,-2.194,-4.733,0.244,0.305,0.625,0.603
1477010456300000,-4.664,1.730,-1.934,-4.808,-4.670,2.048,-2.194,-4.733,0.244,0.305,0.624,0.602
1477010456350000,-4.762,1.490,-1.961,-4.794,-4.935,1.513,-2.414,-4.914,0.243,0.304,0.624,0.601
1477010456400000,-4.861,1.250,-1.990,-4.780,-4.935,1.513,-2.414,-4.914,0.243,0.304,0.623,0.600
1477010456450000,-4.961,1.012,-2.020,-4.765,-5.121,1.071,-2.145,-4.774,0.243,0.303,0.622,0.599
1477010456500000,-5.063,0.774,-2.052,-4.748,-5.121,1.071,-2.145,-4.774,0.242,0.303,0.621,0.598
1477010456550000,-5.166,0.537,-2.085,-4.731,-5.320,0.431,-2.260,-5.269,0.242,0.303,0.620,0.597
1477010456600000,-5.271,0.301,-2.119,-4.713,-5.320,0.431,-2.260,-5.269,0.242,0.302,0.619,0.597
1477010456650000,-5.378,0.065,-2.155,-4.694,-5.560,-0.161,-1.933,-5.454,0.242,0.302,0.618,0.598
1477010456700000,-5.487,-0.169,-2.192,-4.673,-5.560,-0.161,-1.933,-5.454,0.241,0.302,0.617,0.599
1477010456750000,-5.597,-0.402,-2.230,-4.652,-5.723,-0.469,-1.893,-4.727,0.241,0.301,0.616,0.598
1477010456800000,-5.710,-0.634,-2.270,-4.629,-5.723,-0.469,-1.893,-4.727,0.240,0.301,0.615,0.597
1477010456850000,-5.825,-0.865,-2.311,-4.605,-5.895,-0.885,-2.292,-4.629,0.240,0.300,0.614,0.596
1477010456900000,-5.941,-1.095,-2.353,-4.580,-5.895,-0.885,-2.292,-4.629,0.240,0.300,0.613,0.595
1477010456950000,-6.060,-1.323,-2.396,-4.554,-6.071,-1.442,-2.215,-4.929,0.239,0.299,0.612,0.594
1477010457000000,-6.181,-1.550,-2.440,-4.526,-6.071,-1.442,-2.215,-4.929,0.239,0.299,0.611,0.593
1477010457050000,-6.304,-1.776,-2.486,-4.498,-6.316,-1.898,-2.601,-4.913,0.238,0.298,0.610,0.593
1477010457100000,-6.430,-2.000,-2.532,-4.467,-6.316,-1.898,-2.601,-4.913,0.238,0.298,0.609,0.592
1477010457150000,-6.557,-2.223,-2.579,-4.436,-6.619,-2.282,-2.560,-4.547,0.238,0.298,0.608,0.591
1477010457200000,-6.688,-2.444,-2.628,-4.403,-6.619,-2.282,-2.560,-4.547,0.237,0.297,0.607,0.590
1477010457250000,-6.820,-2.663,-2.677,-4.368,-6.921,-2.700,-2.727,-4.462,0.237,0.297,0.606,0.589
1477010457300000,-6.955,-2.881,-2.727,-4.333,-6.921,-2.700,-2.727,-4.462,0.237,0.296,0.605,0.588
1477010457350000,-7.093,-3.097,-2.778,-4.295,-7.175,-3.171,-2.631,-4.507,0.236,0.296,0.604,0.587
1477010457400000,-7.233,-3.311,-2.830,-4.256,-7.175,-3.171,-2.631,-4.507,0.236,0.295,0.603,0.587
1477010457450000,-7.376,-3.522,-2.883,-4.216,-7.447,-3.740,-2.586,-4.776,0.235,0.295,0.602,0.587
1477010457500000,-7.522,-3.732,-2.936,-4.174,-7.447,-3.740,-2.586,-4.776,0.235,0.295,0.602,0.587
1477010457550000,-7.670,-3.940,-2.990,-4.130,-7.716,-4.133,-2.704,-4.616,0.235,0.294,0.601,0.586
1477010457600000,-7.821,-4.145,-3.044,-4.085,-7.716,-4.133,-2.704,-4.616,0.234,0.294,0.600,0.586
1477010457650000,-7.975,-4.349,-3.099,-4.038,-8.002,-4.581,-2.736,-4.577,0.234,0.294,0.599,0.586
1477010457700000,-8.131,-4.549,-3.154,-3.989,-8.002,-4.581,-2.736,-4.577,0.234,0.293,0.599,0.586
1477010457750000,-8.290,-4.748,-3.209,-3.939,-8.290,-4.984,-2.599,-4.342,0.233,0.293,0.599,0.585
1477010457800000,-8.452,-4.943,-3.265,-3.886,-8.290,-4.984,-2.599,-4.342,0.233,0.293,0.599,0.585
1477010457850000,-8.617,-5.136,-3.321,-3.832,-8.604,-5.239,-2.729,-3.931,0.233,0.292,0.599,0.584
1477010457900000,-8.784,-5.327,-3.377,-3.777,-8.604,-5.239,-2.729,-3.931,0.233,0.292,0.599,0.583
1477010457950000,-8.955,-5.514,-3.434,-3.719,-8.908,-5.645,-2.892,-4.021,0.232,0.291,0.599,0.582
1477010458000000,-9.128,-5.699,-3.490,-3.660,-8.908,-5.645,-2.892,-4.021,0.232,0.291,0.599,0.582
1477010458050000,-9.304,-5.880,-3.546,-3.598,-9.202,-5.907,-2.919,-3.729,0.232,0.290,0.599,0.581
1477010458100000,-9.483,-6.059,-3.603,-3.535,-9.202,-5.907,-2.919,-3.729,0.232,0.290,0.600,0.580
1477010458150000,-9.664,-6.234,-3.659,-3.470,-9.538,-6.294,-3.072,-3.794,0.232,0.290,0.599,0.579
1477010458200000,-9.849,-6.406,-3.714,-3.403,-9.538,-6.294,-3.072,-3.794,0.232,0.289,0.600,0.579
1477010458250000,-10.036,-6.574,-3.770,-3.334,-10.021,-6.526,-3.567,-3.533,0.232,0.289,0.599,0.578
1477010458300000,-10.226,-6.739,-3.825,-3.263,-10.021,-6.526,-3.567,-3.533,0.232,0.288,0.598,0.577
1477010458350000,-10.419,-6.901,-3.879,-3.190,-10.376,-6.857,-3.641,-3.541,0.231,0.288,0.597,0.577
1477010458400000,-10.614,-7.058,-3.933,-3.116,-10.376,-6.857,-3.641,-3.541,0.231,0.288,0.596,0.576
1477010458450000,-10.812,-7.212,-3.986,-3.039,-10.803,-7.108,-3.816,-3.358,0.231,0.287,0.596,0.576
1477010458500000,-11.013,-7.363,-4.039,-2.961,-10.803,-7.108,-3.816,-3.358,0.231,0.287,0.595,0.575
1477010458550000,-11.216,-7.509,-4.090,-2.880,-11.156,-7.438,-3.726,-3.325,0.230,0.287,0.594,0.575
1477010458600000,-11.422,-7.651,-4.141,-2.798,-11.156,-7.438,-3.726,-3.325,0.231,0.287,0.594,0.575
1477010458650000,-11.630,-7.788,-4.191,-2.713,-11.537,-7.706,-3.748,-3.202,0.230,0.286,0.593,0.574
1477010458700000,-11.841,-7.922,-4.239,-2.627,-11.537,-7.706,-3.748,-3.202,0.231,0.286,0.593,0.574
1477010458750000,-12.055,-8.051,-4.287,-2.539,-11.910,-7.977,-3.583,-3.000,0.230,0.286,0.593,0.574
1477010458800000,-12.270,-8.176,-4.333,-2.449,-11.910,-7.977,-3.583,-3.000,0.231,0.285,0.594,0.574
1477010458850000,-12.488,-8.296,-4.378,-2.358,-12.349,-8.222,-4.004,-3.061,0.231,0.285,0.593,0.574
1477010458900000,-12.708,-8.412,-4.422,-2.264,-12.349,-8.222,-4.004,-3.061,0.231,0.285,0.593,0.575
1477010458950000,-12.930,-8.523,-4.464,-2.169,-12.749,-8.437,-3.783,-2.748,0.231,0.284,0.593,0.575
1477010459000000,-13.155,-8.629,-4.504,-2.072,-12.749,-8.437,-3.783,-2.748,0.232,0.284,0.594,0.576
1477010459050000,-13.381,-8.730,-4.543,-1.973,-13.264,-8.609,-4.145,-2.618,0.231,0.284,0.593,0.576
1477010459100000,-13.609,-8.826,-4.580,-1.872,-13.264,-8.609,-4.145,-2.618,0.232,0.283,0.593,0.577
1477010459150000,-13.839,-8.917,-4.615,-1.770,-13.689,-8.725,-3.928,-2.210,0.232,0.283,0.593,0.576
1477010459200000,-14.071,-9.003,-4.649,-1.666,-13.689,-8.725,-3.928,-2.210,0.232,0.283,0.593,0.576
1477010459250000,-14.304,-9.084,-4.680,-1.561,-14.183,-8.899,-4.356,-2.277,0.232,0.283,0.593,0.577
1477010459300000,-14.539,-9.159,-4.709,-1.454,-14.183,-8.899,-4.356,-2.277,0.233,0.283,0.592,0.577
1477010459350000,-14.775,-9.229,-4.737,-1.346,-14.582,-9.161,-4.154,-2.245,0.232,0.283,0.592,0.579
1477010459400000,-15.013,-9.294,-4.762,-1.236,-14.582,-9.161,-4.154,-2.245,0.233,0.282,0.592,0.580
1477010459450000,-15.252,-9.353,-4.784,-1.125,-15.061,-9.402,-4.191,-2.232,0.233,0.282,0.592,0.583
1477010459500000,-15.492,-9.406,-4.805,-1.013,-15.061,-9.402,-4.191,-2.232,0.234,0.281,0.592,0.586
1477010459550000,-15.732,-9.454,-4.823,-0.899,-15.540,-9.521,-4.068,-1.928,0.234,0.281,0.593,0.588
1477010459600000,-15.974,-9.496,-4.838,-0.784,-15.540,-9.521,-4.068,-1.928,0.235,0.281,0.593,0.590
1477010459650000,-16.216,-9.533,-4.851,-0.669,-16.098,-9.474,-4.251,-1.490,0.234,0.280,0.593,0.591
1477010459700000,-16.459,-9.563,-4.862,-0.552,-16.098,-9.474,-4.251,-1.490,0.235,0.280,0.593,0.592
1477010459750000,-16.703,-9.588,-4.869,-0.434,-16.465,-9.594,-4.133,-1.415,0.235,0.279,0.594,0.594
1477010459800000,-16.946,-9.607,-4.874,-0.316,-16.465,-9.594,-4.133,-1.415,0.236,0.279,0.594,0.596
1477010459850000,-17.190,-9.620,-4.876,-0.196,-16.810,-9.995,-4.086,-1.902,0.237,0.279,0.595,0.602
1477010459900000,-17.434,-9.626,-4.876,-0.077,-16.810,-9.995,-4.086,-1.902,0.239,0.280,0.596,0.609
1477010459950000,-17.678,-9.627,-4.872,0.044,-17.381,-9.945,-4.157,-1.434,0.239,0.280,0.596,0.614
1477010460000000,-17.922,-9.622,-4.866,0.165,-17.381,-9.945,-4.157,-1.434,0.240,0.280,0.597,0.619
1477010460050000,-18.165,-9.611,-4.856,0.287,-17.906,-9.859,-4.162,-0.988,0.240,0.280,0.597,0.622
1477010460100000,-18.407,-9.593,-4.844,0.408,-17.906,-9.859,-4.162,-0.988,0.242,0.280,0.597,0.626
1477010460150000,-18.649,-9.570,-4.829,0.531,-18.344,-9.893,-4.296,-0.932,0.242,0.280,0.597,0.630
1477010460200000,-18.890,-9.540,-4.810,0.653,-18.344,-9.893,-4.296,-0.932,0.243,0.280,0.597,0.634
1477010460250000,-19.130,-9.504,-4.789,0.775,-18.817,-9.802,-4.391,-0.642,0.243,0.280,0.596,0.638
1477010460300000,-19.369,-9.463,-4.764,0.897,-18.817,-9.802,-4.391,-0.642,0.245,0.280,0.596,0.642
1477010460350000,-19.607,-9.415,-4.736,1.019,-19.342,-9.615,-4.247,-0.135,0.245,0.280,0.595,0.645
1477010460400000,-19.843,-9.361,-4.705,1.141,-19.342,-9.615,-4.247,-0.135,0.246,0.280,0.595,0.647
1477010460450000,-20.078,-9.301,-4.671,1.262,-19.936,-9.199,-4.391,0.579,0.246,0.280,0.594,0.647
1477010460500000,-20.310,-9.234,-4.633,1.383,-19.936,-9.199,-4.391,0.579,0.246,0.279,0.594,0.648
1477010460550000,-20.541,-9.162,-4.593,1.503,-20.352,-9.265,-4.340,0.380,0.246,0.279,0.593,0.650
1477010460600000,-20.770,-9.084,-4.549,1.623,-20.352,-9.265,-4.340,0.380,0.247,0.279,0.592,0.652
1477010460650000,-20.996,-9.000,-4.502,1.742,-20.907,-9.014,-4.319,0.756,0.246,0.278,0.592,0.653
1477010460700000,-21.220,-8.910,-4.452,1.860,-20.907,-9.014,-4.319,0.756,0.247,0.278,0.591,0.655
1477010460750000,-21.441,-8.814,-4.399,1.977,-21.402,-8.829,-4.198,0.987,0.246,0.278,0.590,0.656
1477010460800000,-21.660,-8.712,-4.342,2.092,-21.402,-8.829,-4.198,0.987,0.246,0.277,0.589,0.658
1477010460850000,-21.875,-8.605,-4.283,2.207,-21.847,-8.469,-3.863,1.487,0.246,0.277,0.589,0.658
1477010460900000,-22.088,-8.491,-4.220,2.320,-21.847,-8.469,-3.863,1.487,0.246,0.277,0.588,0.659
1477010460950000,-22.297,-8.373,-4.154,2.432,-22.268,-8.203,-4.035,1.636,0.246,0.276,0.588,0.659
1477010461000000,-22.504,-8.248,-4.086,2.543,-22.268,-8.203,-4.035,1.636,0.246,0.276,0.587,0.660
1477010461050000,-22.706,-8.118,-4.014,2.651,-22.588,-8.159,-3.757,1.532,0.245,0.276,0.586,0.662
1477010461100000,-22.905,-7.983,-3.939,2.758,-22.588,-8.159,-3.757,1.532,0.246,0.275,0.585,0.664
1477010461150000,-23.100,-7.842,-3.862,2.864,-22.947,-8.042,-3.365,1.583,0.245,0.275,0.585,0.666
1477010461200000,-23.291,-7.697,-3.781,2.967,-22.947,-8.042,-3.365,1.583,0.246,0.275,0.585,0.669
1477010461250000,-23.478,-7.546,-3.698,3.068,-23.363,-7.687,-3.622,1.845,0.246,0.275,0.584,0.671
1477010461300000,-23.661,-7.390,-3.612,3.167,-23.363,-7.687,-3.622,1.845,0.246,0.275,0.583,0.674
1477010461350000,-23.839,-7.229,-3.523,3.264,-23.788,-7.285,-3.558,2.192,0.245,0.275,0.582,0.675
1477010461400000,-24.013,-7.063,-3.432,3.359,-23.788,-7.285,-3.558,2.192,0.245,0.275,0.582,0.677
1477010461450000,-24.182,-6.893,-3.338,3.451,-24.179,-6.824,-3.322,2.599,0.245,0.274,0.581,0.678
1477010461500000,-24.347,-6.718,-3.242,3.541,-24.179,-6.824,-3.322,2.599,0.245,0.274,0.580,0.679
1477010461550000,-24.507,-6.539,-3.143,3.629,-24.488,-6.655,-2.952,2.555,0.244,0.274,0.579,0.680
1477010461600000,-24.661,-6.355,-3.042,3.713,-24.488,-6.655,-2.952,2.555,0.244,0.274,0.579,0.682
1477010461650000,-24.811,-6.168,-2.938,3.796,-24.756,-6.335,-2.761,2.687,0.244,0.274,0.578,0.683
1477010461700000,-24.955,-5.976,-2.833,3.875,-24.756,-6.335,-2.761,2.687,0.244,0.274,0.577,0.685
1477010461750000,-25.094,-5.780,-2.725,3.951,-25.035,-5.873,-2.658,2.993,0.244,0.274,0.576,0.686
1477010461800000,-25.228,-5.581,-2.616,4.025,-25.035,-5.873,-2.658,2.993,0.243,0.274,0.576,0.687
1477010461850000,-25.356,-5.378,-2.504,4.096,-25.330,-5.526,-2.664,3.057,0.243,0.273,0.575,0.688
1477010461900000,-25.478,-5.171,-2.391,4.163,-25.330,-5.526,-2.664,3.057,0.243,0.274,0.574,0.690
1477010461950000,-25.595,-4.962,-2.276,4.228,-25.488,-5.533,-2.499,2.637,0.243,0.275,0.574,0.694
1477010462000000,-25.706,-4.749,-2.160,4.289,-25.488,-5.533,-2.499,2.637,0.243,0.277,0.573,0.698
1477010462050000,-25.811,-4.533,-2.041,4.348,-25.753,-5.094,-2.365,2.894,0.242,0.278,0.573,0.701
1477010462100000,-25.910,-4.314,-1.922,4.403,-25.753,-5.094,-2.365,2.894,0.242,0.281,0.572,0.704
1477010462150000,-26.003,-4.092,-1.801,4.455,-26.046,-4.650,-1.861,3.137,0.242,0.282,0.572,0.707
1477010462200000,-26.090,-3.869,-1.679,4.503,-26.046,-4.650,-1.861,3.137,0.242,0.284,0.571,0.709
1477010462250000,-26.171,-3.642,-1.556,4.549,-26.239,-4.207,-1.455,3.343,0.241,0.286,0.570,0.711
1477010462300000,-26.245,-3.414,-1.432,4.591,-26.239,-4.207,-1.455,3.343,0.241,0.288,0.570,0.713
1477010462350000,-26.314,-3.183,-1.307,4.630,-26.364,-3.706,-1.152,3.600,0.241,0.289,0.569,0.714
1477010462400000,-26.376,-2.951,-1.182,4.665,-26.364,-3.706,-1.152,3.600,0.240,0.291,0.568,0.715
1477010462450000,-26.432,-2.717,-1.055,4.697,-26.462,-3.367,-1.004,3.587,0.240,0.293,0.567,0.716
1477010462500000,-26.482,-2.481,-0.928,4.726,-26.462,-3.367,-1.004,3.587,0.240,0.296,0.567,0.717
1477010462550000,-26.525,-2.245,-0.801,4.751,-26.595,-2.721,-0.976,3.986,0.239,0.296,0.566,0.718
1477010462600000,-26.562,-2.007,-0.673,4.773,-26.595,-2.721,-0.976,3.986,0.239,0.298,0.565,0.718
1477010462650000,-26.592,-1.767,-0.546,4.791,-26.660,-2.146,-0.841,4.259,0.239,0.298,0.565,0.717
1477010462700000,-26.616,-1.528,-0.418,4.807,-26.660,-2.146,-0.841,4.259,0.239,0.299,0.565,0.717
1477010462750000,-26.634,-1.287,-0.290,4.819,-26.664,-1.819,-0.321,4.182,0.238,0.300,0.564,0.717
1477010462800000,-26.645,-1.046,-0.162,4.827,-26.664,-1.819,-0.321,4.182,0.238,0.302,0.563,0.717
1477010462850000,-26.650,-0.804,-0.034,4.832,-26.728,-1.433,-0.185,4.110,0.238,0.304,0.563,0.717
1477010462900000,-26.648,-0.563,0.094,4.834,-26.728,-1.433,-0.185,4.110,0.237,0.306,0.562,0.717
1477010462950000,-26.641,-0.321,0.221,4.833,-26.748,-0.782,0.189,4.386,0.237,0.307,0.561,0.716
1477010463000000,-26.626,-0.080,0.347,4.829,-26.748,-0.782,0.189,4.386,0.237,0.308,0.561,0.716
1477010463050000,-26.606,0.161,0.473,4.821,-26.729,-0.217,0.474,4.530,0.237,0.309,0.560,0.715
1477010463100000,-26.579,0.402,0.598,4.810,-26.729,-0.217,0.474,4.530,0.237,0.310,0.559,0.714
1477010463150000,-26.546,0.642,0.723,4.797,-26.692,0.281,0.522,4.579,0.236,0.310,0.559,0.713
1477010463200000,-26.507,0.882,0.846,4.780,-26.692,0.281,0.522,4.579,0.236,0.311,0.558,0.712
1477010463250000,-26.462,1.120,0.969,4.760,-26.586,1.088,0.584,5.110,0.236,0.311,0.558,0.712
1477010463300000,-26.410,1.357,1.091,4.737,-26.586,1.088,0.584,5.110,0.236,0.311,0.558,0.711
1477010463350000,-26.353,1.594,1.211,4.712,-26.495,1.131,0.826,4.513,0.236,0.311,0.557,0.710
1477010463400000,-26.289,1.828,1.330,4.683,-26.495,1.131,0.826,4.513,0.236,0.313,0.557,0.710
1477010463450000,-26.220,2.062,1.448,4.652,-26.378,1.614,1.141,4.512,0.236,0.313,0.557,0.709
1477010463500000,-26.144,2.293,1.565,4.619,-26.378,1.614,1.141,4.512,0.236,0.314,0.557,0.708
1477010463550000,-26.063,2.523,1.680,4.582,-26.242,2.100,1.200,4.566,0.235,0.315,0.556,0.707
1477010463600000,-25.976,2.751,1.793,4.543,-26.242,2.100,1.200,4.566,0.235,0.316,0.557,0.706
1477010463650000,-25.884,2.977,1.905,4.502,-26.090,2.666,1.718,4.613,0.235,0.316,0.556,0.705
1477010463700000,-25.786,3.201,2.016,4.458,-26.090,2.666,1.718,4.613,0.236,0.317,0.555,0.705
1477010463750000,-25.683,3.423,2.125,4.412,-25.923,3.292,1.893,4.780,0.236,0.316,0.555,0.704
1477010463800000,-25.574,3.642,2.231,4.364,-25.923,3.292,1.893,4.780,0.236,0.316,0.554,0.703
1477010463850000,-25.460,3.859,2.337,4.314,-25.698,3.610,2.159,4.550,0.236,0.316,0.554,0.703
1477010463900000,-25.340,4.074,2.440,4.261,-25.698,3.610,2.159,4.550,0.236,0.317,0.553,0.702
1477010463950000,-25.216,4.285,2.541,4.207,-25.457,3.976,2.331,4.412,0.236,0.317,0.553,0.701
1477010464000000,-25.086,4.494,2.641,4.151,-25.457,3.976,2.331,4.412,0.237,0.317,0.552,0.700
1477010464050000,-24.952,4.700,2.738,4.093,-25.135,4.329,2.446,4.356,0.237,0.317,0.552,0.700
1477010464100000,-24.813,4.903,2.834,4.033,-25.135,4.329,2.446,4.356,0.237,0.318,0.552,0.699
1477010464150000,-24.669,5.103,2.927,3.971,-24.820,4.770,2.718,4.353,0.237,0.318,0.551,0.698
1477010464200000,-24.520,5.300,3.018,3.908,-24.820,4.770,2.718,4.353,0.237,0.319,0.551,0.698
1477010464250000,-24.367,5.494,3.108,3.844,-24.495,5.201,3.166,4.260,0.237,0.319,0.550,0.697
1477010464300000,-24.210,5.684,3.195,3.778,-24.495,5.201,3.166,4.260,0.237,0.319,0.549,0.697
1477010464350000,-24.048,5.871,3.280,3.711,-24.200,5.420,3.424,3.902,0.237,0.320,0.549,0.696
1477010464400000,-23.882,6.055,3.362,3.643,-24.200,5.420,3.424,3.902,0.237,0.321,0.548,0.696
1477010464450000,-23.712,6.235,3.443,3.574,-23.837,5.983,3.228,4.247,0.237,0.321,0.548,0.696
1477010464500000,-23.538,6.412,3.521,3.504,-23.837,5.983,3.228,4.247,0.237,0.321,0.547,0.696
1477010464550000,-23.360,6.586,3.598,3.432,-23.514,6.449,3.402,4.231,0.237,0.321,0.547,0.696
1477010464600000,-23.178,6.755,3.672,3.360,-23.514,6.449,3.402,4.231,0.237,0.321,0.546,0.696
1477010464650000,-22.993,6.921,3.744,3.288,-23.141,6.578,3.656,3.817,0.237,0.321,0.545,0.696
1477010464700000,-22.804,7.084,3.813,3.214,-23.141,6.578,3.656,3.817,0.237,0.321,0.545,0.696
1477010464750000,-22.612,7.243,3.881,3.140,-22.720,6.879,4.006,3.630,0.237,0.321,0.544,0.695
1477010464800000,-22.416,7.398,3.946,3.066,-22.720,6.879,4.006,3.630,0.237,0.322,0.544,0.695
1477010464850000,-22.217,7.549,4.010,2.991,-22.234,7.371,4.513,3.647,0.237,0.322,0.544,0.695
1477010464900000,-22.015,7.697,4.071,2.916,-22.234,7.371,4.513,3.647,0.237,0.322,0.543,0.695
1477010464950000,-21.810,7.841,4.130,2.841,-21.725,8.113,4.481,4.236,0.236,0.322,0.543,0.698
1477010465000000,-21.603,7.981,4.187,2.765,-21.725,8.113,4.481,4.236,0.236,0.321,0.543,0.700
1477010465050000,-21.392,8.117,4.242,2.690,-21.339,8.351,4.586,3.877,0.236,0.321,0.542,0.702
1477010465100000,-21.179,8.250,4.294,2.614,-21.339,8.351,4.586,3.877,0.236,0.321,0.542,0.704
1477010465150000,-20.963,8.378,4.345,2.539,-20.831,8.884,4.603,4.135,0.236,0.321,0.541,0.707
1477010465200000,-20.744,8.503,4.394,2.463,-20.831,8.884,4.603,4.135,0.235,0.321,0.541,0.710
1477010465250000,-20.524,8.625,4.441,2.388,-20.277,9.296,5.165,3.949,0.236,0.323,0.541,0.713
1477010465300000,-20.301,8.742,4.486,2.314,-20.277,9.296,5.165,3.949,0.235,0.323,0.542,0.717
1477010465350000,-20.075,8.856,4.529,2.239,-19.857,9.466,4.978,3.620,0.235,0.324,0.541,0.719
1477010465400000,-19.848,8.966,4.570,2.165,-19.857,9.466,4.978,3.620,0.235,0.325,0.541,0.721
1477010465450000,-19.619,9.072,4.609,2.092,-19.477,9.541,4.807,3.178,0.235,0.325,0.541,0.723
1477010465500000,-19.387,9.175,4.647,2.019,-19.477,9.541,4.807,3.178,0.235,0.325,0.540,0.724
1477010465550000,-19.154,9.274,4.683,1.947,-18.915,9.925,5.143,3.150,0.235,0.326,0.540,0.725
1477010465600000,-18.919,9.370,4.717,1.875,-18.915,9.925,5.143,3.150,0.234,0.327,0.540,0.727
1477010465650000,-18.683,9.462,4.749,1.804,-18.542,9.892,5.153,2.513,0.234,0.327,0.539,0.727
1477010465700000,-18.445,9.550,4.780,1.734,-18.542,9.892,5.153,2.513,0.234,0.327,0.539,0.727
1477010465750000,-18.205,9.635,4.810,1.665,-18.088,9.758,5.393,1.821,0.234,0.327,0.539,0.726
1477010465800000,-17.964,9.716,4.837,1.597,-18.088,9.758,5.393,1.821,0.234,0.327,0.539,0.725
1477010465850000,-17.721,9.795,4.864,1.530,-17.537,9.975,5.185,2.057,0.233,0.326,0.539,0.725
1477010465900000,-17.478,9.869,4.889,1.463,-17.537,9.975,5.185,2.057,0.233,0.326,0.538,0.725
1477010465950000,-17.233,9.941,4.912,1.398,-17.014,10.182,5.315,1.968,0.233,0.326,0.538,0.725
1477010466000000,-16.987,10.009,4.934,1.334,-17.014,10.182,5.315,1.968,0.233,0.326,0.538,0.724
1477010466050000,-16.740,10.074,4.955,1.271,-16.505,10.297,5.369,1.789,0.233,0.326,0.538,0.724
1477010466100000,-16.491,10.136,4.975,1.209,-16.505,10.297,5.369,1.789,0.233,0.325,0.537,0.724
1477010466150000,-16.242,10.195,4.993,1.149,-15.961,10.499,5.476,1.742,0.233,0.325,0.537,0.723
1477010466200000,-15.992,10.251,5.010,1.090,-15.961,10.499,5.476,1.742,0.233,0.325,0.537,0.723
1477010466250000,-15.742,10.304,5.027,1.032,-15.470,10.590,5.399,1.585,0.233,0.325,0.537,0.723
1477010466300000,-15.490,10.354,5.042,0.975,-15.470,10.590,5.399,1.585,0.232,0.325,0.537,0.723
1477010466350000,-15.238,10.402,5.056,0.920,-14.804,10.784,5.892,1.448,0.233,0.325,0.537,0.722
1477010466400000,-14.985,10.446,5.069,0.866,-14.804,10.784,5.892,1.448,0.233,0.325,0.538,0.722
1477010466450000,-14.731,10.488,5.081,0.813,-14.429,10.554,5.333,0.981,0.233,0.325,0.538,0.721
1477010466500000,-14.477,10.528,5.092,0.762,-14.429,10.554,5.333,0.981,0.233,0.324,0.537,0.721
1477010466550000,-14.222,10.564,5.103,0.713,-13.901,10.611,5.390,0.867,0.233,0.324,0.537,0.720
1477010466600000,-13.967,10.599,5.113,0.665,-13.901,10.611,5.390,0.867,0.233,0.324,0.536,0.719
1477010466650000,-13.711,10.631,5.122,0.618,-13.372,10.735,5.236,1.035,0.233,0.323,0.536,0.719
1477010466700000,-13.455,10.661,5.130,0.574,-13.372,10.735,5.236,1.035,0.233,0.323,0.535,0.718
1477010466750000,-13.198,10.688,5.137,0.530,-12.841,10.816,5.411,0.854,0.233,0.323,0.535,0.718
1477010466800000,-12.941,10.714,5.144,0.489,-12.841,10.816,5.411,0.854,0.233,0.322,0.534,0.717
1477010466850000,-12.684,10.737,5.151,0.448,-12.254,11.002,5.483,1.007,0.234,0.322,0.534,0.717
1477010466900000,-12.426,10.759,5.157,0.410,-12.254,11.002,5.483,1.007,0.234,0.322,0.534,0.717
1477010466950000,-12.168,10.778,5.162,0.373,-11.756,11.035,5.426,0.856,0.234,0.322,0.533,0.716
1477010467000000,-11.910,10.796,5.167,0.338,-11.756,11.035,5.426,0.856,0.234,0.322,0.533,0.716
1477010467050000,-11.652,10.812,5.171,0.305,-11.187,11.089,5.542,0.768,0.235,0.322,0.533,0.715
1477010467100000,-11.393,10.827,5.175,0.273,-11.187,11.089,5.542,0.768,0.235,0.322,0.532,0.715
1477010467150000,-11.134,10.839,5.178,0.243,-10.732,10.937,5.851,-0.039,0.235,0.321,0.533,0.714
1477010467200000,-10.875,10.851,5.182,0.214,-10.732,10.937,5.851,-0.039,0.235,0.321,0.533,0.714
1477010467250000,-10.616,10.861,5.184,0.188,-10.253,10.876,5.573,-0.087,0.235,0.321,0.533,0.713
1477010467300000,-10.357,10.870,5.187,0.163,-10.253,10.876,5.573,-0.087,0.235,0.320,0.532,0.713
1477010467350000,-10.098,10.877,5.189,0.140,-9.706,10.993,5.278,0.416,0.235,0.320,0.532,0.712
1477010467400000,-9.838,10.884,5.191,0.118,-9.706,10.993,5.278,0.416,0.235,0.320,0.531,0.711
1477010467450000,-9.579,10.889,5.193,0.099,-9.426,10.760,4.963,-0.223,0.235,0.320,0.531,0.711
1477010467500000,-9.319,10.894,5.194,0.081,-9.426,10.760,4.963,-0.223,0.235,0.319,0.531,0.710
1477010467550000,-9.059,10.897,5.196,0.065,-9.040,10.617,4.718,-0.381,0.235,0.319,0.530,0.710
1477010467600000,-8.799,10.900,5.197,0.050,-9.040,10.617,4.718,-0.381,0.235,0.319,0.530,0.709
1477010467650000,-8.540,10.902,5.198,0.038,-8.694,10.418,4.471,-0.634,0.235,0.320,0.531,0.709
1477010467700000,-8.280,10.904,5.198,0.027,-8.694,10.418,4.471,-0.634,0.235,0.320,0.531,0.709
1477010467750000,-8.020,10.905,5.199,0.018,-8.084,10.589,4.708,-0.131,0.235,0.320,0.531,0.708
1477010467800000,-7.760,10.906,5.199,0.011,-8.084,10.589,4.708,-0.131,0.235,0.320,0.531,0.708
1477010467850000,-7.500,10.906,5.200,0.005,-7.532,10.633,4.843,0.034,0.235,0.320,0.531,0.707
1477010467900000,-7.240,10.906,5.200,0.002,-7.532,10.633,4.843,0.034,0.235,0.320,0.531,0.706
