time,gt_x,gt_y,gt_vx,gt_vy,est_x,est_y,est_vx,est_vy,rmse_x,rmse_y,rmse_vx,rmse_vy
1477010443000000,0.600,0.600,5.200,0.000,0.312,0.580,0.000,0.000,0.288,0.020,5.200,0.000
1477010443050000,0.860,0.600,5.200,0.002,0.886,0.312,8.149,-3.868,0.204,0.204,4.227,2.737
1477010443100000,1.120,0.600,5.199,0.005,1.164,0.461,4.369,2.246,0.169,0.185,3.485,2.582
1477010443150000,1.380,0.601,5.199,0.011,1.298,0.538,4.100,2.275,0.152,0.163,3.067,2.506
1477010443200000,1.640,0.601,5.198,0.018,1.557,0.661,4.180,2.151,0.141,0.148,2.781,2.436
1477010443250000,1.900,0.602,5.198,0.027,1.824,0.659,4.659,1.517,0.132,0.137,2.548,2.306
1477010443300000,2.160,0.604,5.197,0.038,2.092,0.728,4.714,1.421,0.125,0.136,2.366,2.198
1477010443350000,2.420,0.606,5.196,0.050,2.332,0.741,4.818,1.193,0.121,0.136,2.218,2.095
1477010443400000,2.679,0.609,5.195,0.065,2.590,0.786,4.851,1.115,0.118,0.141,2.094,2.006
1477010443450000,2.939,0.613,5.193,0.081,2.869,0.777,5.003,0.871,0.114,0.143,1.987,1.919
1477010443500000,3.199,0.617,5.191,0.099,3.098,0.794,4.985,0.798,0.113,0.147,1.896,1.842
1477010443550000,3.458,0.623,5.190,0.118,3.384,0.727,5.104,0.427,0.110,0.144,1.815,1.766
1477010443600000,3.718,0.629,5.188,0.140,3.691,0.673,5.191,0.160,0.106,0.138,1.744,1.697
1477010443650000,3.977,0.637,5.185,0.163,3.978,0.679,5.319,0.161,0.102,0.134,1.681,1.635
1477010443700000,4.236,0.645,5.183,0.188,4.257,0.665,5.342,0.092,0.099,0.129,1.625,1.580
1477010443750000,4.495,0.655,5.180,0.214,4.519,0.670,5.278,0.085,0.096,0.125,1.573,1.530
1477010443800000,4.754,0.667,5.176,0.243,4.706,0.727,5.153,0.255,0.094,0.122,1.526,1.484
1477010443850000,5.013,0.680,5.173,0.273,4.961,0.717,5.054,0.177,0.092,0.119,1.483,1.443
1477010443900000,5.272,0.694,5.169,0.304,5.266,0.704,5.139,0.108,0.090,0.116,1.444,1.405
1477010443950000,5.530,0.710,5.164,0.338,5.528,0.703,5.246,0.103,0.087,0.113,1.407,1.370
1477010444000000,5.788,0.728,5.159,0.373,5.828,0.705,5.308,0.090,0.086,0.111,1.374,1.339
1477010444050000,6.046,0.748,5.154,0.410,6.067,0.653,5.150,-0.069,0.084,0.110,1.342,1.312
1477010444100000,6.304,0.769,5.148,0.448,6.324,0.724,5.144,0.131,0.082,0.108,1.313,1.285
1477010444150000,6.561,0.793,5.142,0.488,6.575,0.745,5.096,0.165,0.080,0.106,1.285,1.259
1477010444200000,6.818,0.818,5.135,0.530,6.823,0.744,5.085,0.140,0.079,0.105,1.259,1.236
1477010444250000,7.075,0.846,5.127,0.573,7.064,0.730,4.937,0.078,0.077,0.105,1.235,1.216
1477010444300000,7.331,0.875,5.119,0.618,7.280,0.798,4.881,0.245,0.076,0.105,1.213,1.196
1477010444350000,7.587,0.907,5.109,0.665,7.579,0.810,5.140,0.257,0.075,0.104,1.191,1.177
1477010444400000,7.842,0.942,5.100,0.712,7.833,0.793,5.136,0.182,0.074,0.106,1.171,1.160
1477010444450000,8.097,0.979,5.089,0.762,8.081,0.807,5.006,0.183,0.073,0.109,1.151,1.146
1477010444500000,8.351,1.018,5.078,0.813,8.318,0.825,4.982,0.205,0.072,0.113,1.132,1.132
1477010444550000,8.605,1.060,5.065,0.865,8.589,0.910,5.187,0.420,0.071,0.114,1.115,1.117
1477010444600000,8.858,1.105,5.052,0.919,8.830,0.968,5.151,0.513,0.070,0.115,1.098,1.103
1477010444650000,9.110,1.152,5.038,0.974,9.122,1.003,5.219,0.533,0.069,0.116,1.082,1.089
1477010444700000,9.362,1.202,5.023,1.031,9.362,1.038,5.183,0.556,0.068,0.118,1.067,1.076
1477010444750000,9.613,1.255,5.007,1.089,9.643,1.105,5.238,0.654,0.067,0.119,1.053,1.064
1477010444800000,9.863,1.311,4.989,1.148,9.922,1.232,5.255,0.879,0.067,0.118,1.039,1.050
1477010444850000,10.112,1.370,4.971,1.208,10.168,1.306,5.067,0.927,0.067,0.117,1.026,1.037
1477010444900000,10.360,1.432,4.951,1.270,10.391,1.390,5.011,1.022,0.066,0.115,1.012,1.025
1477010444950000,10.607,1.497,4.930,1.333,10.622,1.456,4.814,1.034,0.065,0.114,1.000,1.013
1477010445000000,10.853,1.565,4.908,1.397,10.843,1.493,4.782,1.002,0.064,0.113,0.988,1.002
1477010445050000,11.098,1.637,4.884,1.462,11.113,1.534,4.911,0.985,0.064,0.113,0.976,0.993
1477010445100000,11.342,1.712,4.859,1.528,11.395,1.588,4.971,0.992,0.063,0.113,0.965,0.985
1477010445150000,11.584,1.790,4.833,1.596,11.627,1.630,4.889,0.969,0.063,0.115,0.954,0.978
1477010445200000,11.825,1.871,4.805,1.664,11.855,1.703,4.859,1.028,0.062,0.116,0.943,0.972
1477010445250000,12.065,1.956,4.776,1.733,12.115,1.784,4.978,1.114,0.062,0.118,0.933,0.966
1477010445300000,12.303,2.045,4.745,1.803,12.358,1.822,4.971,1.074,0.062,0.121,0.924,0.961
1477010445350000,12.539,2.137,4.713,1.873,12.618,1.872,5.062,1.072,0.062,0.125,0.916,0.958
1477010445400000,12.774,2.232,4.678,1.945,12.820,2.015,4.966,1.290,0.062,0.128,0.907,0.953
1477010445450000,13.007,2.331,4.643,2.017,13.091,2.117,5.095,1.397,0.063,0.130,0.900,0.947
1477010445500000,13.239,2.434,4.605,2.090,13.297,2.268,5.003,1.592,0.063,0.131,0.893,0.941
1477010445550000,13.468,2.540,4.566,2.163,13.475,2.378,4.683,1.626,0.062,0.132,0.885,0.934
1477010445600000,13.696,2.651,4.524,2.237,13.724,2.510,4.701,1.740,0.061,0.132,0.877,0.928
1477010445650000,13.921,2.764,4.481,2.311,13.946,2.603,4.640,1.750,0.061,0.133,0.869,0.923
1477010445700000,14.144,2.882,4.437,2.386,14.175,2.773,4.622,1.942,0.061,0.132,0.861,0.916
1477010445750000,14.365,3.003,4.390,2.461,14.430,2.873,4.754,1.963,0.061,0.132,0.855,0.910
1477010445800000,14.583,3.128,4.341,2.536,14.636,2.957,4.702,1.935,0.061,0.133,0.849,0.906
1477010445850000,14.799,3.257,4.290,2.612,14.870,3.098,4.740,2.051,0.061,0.133,0.843,0.901
1477010445900000,15.012,3.389,4.237,2.687,15.082,3.306,4.678,2.299,0.061,0.133,0.838,0.895
1477010445950000,15.223,3.526,4.183,2.762,15.296,3.445,4.523,2.325,0.061,0.132,0.832,0.889
1477010446000000,15.431,3.666,4.126,2.838,15.511,3.651,4.488,2.533,0.061,0.131,0.827,0.883
1477010446050000,15.636,3.810,4.067,2.913,15.726,3.762,4.425,2.487,0.062,0.130,0.821,0.877
1477010446100000,15.837,3.957,4.006,2.988,15.947,3.924,4.420,2.573,0.063,0.129,0.816,0.872
1477010446150000,16.036,4.109,3.943,3.063,16.149,4.051,4.240,2.533,0.064,0.128,0.811,0.867
1477010446200000,16.232,4.264,3.877,3.137,16.344,4.269,4.197,2.746,0.065,0.127,0.806,0.862
1477010446250000,16.424,4.422,3.810,3.211,16.560,4.409,4.194,2.747,0.067,0.126,0.801,0.857
1477010446300000,16.613,4.585,3.740,3.284,16.736,4.597,4.128,2.869,0.068,0.125,0.796,0.853
1477010446350000,16.798,4.751,3.668,3.357,16.899,4.737,3.814,2.793,0.069,0.124,0.791,0.849
1477010446400000,16.980,4.921,3.594,3.429,17.057,4.994,3.737,3.066,0.069,0.124,0.785,0.844
1477010446450000,17.158,5.094,3.518,3.500,17.235,5.127,3.660,3.005,0.069,0.123,0.780,0.840
1477010446500000,17.332,5.271,3.440,3.570,17.388,5.337,3.599,3.146,0.069,0.122,0.774,0.836
1477010446550000,17.502,5.451,3.359,3.639,17.552,5.466,3.488,3.059,0.068,0.122,0.769,0.833
1477010446600000,17.668,5.635,3.276,3.708,17.736,5.618,3.505,3.056,0.068,0.121,0.764,0.830
1477010446650000,17.830,5.822,3.192,3.775,17.892,5.771,3.355,3.018,0.068,0.120,0.759,0.829
1477010446700000,17.987,6.013,3.105,3.840,18.058,6.002,3.337,3.198,0.068,0.119,0.755,0.827
1477010446750000,18.140,6.206,3.015,3.905,18.219,6.178,3.290,3.225,0.069,0.118,0.750,0.825
1477010446800000,18.289,6.403,2.924,3.968,18.336,6.457,3.182,3.497,0.068,0.118,0.746,0.822
1477010446850000,18.433,6.603,2.831,4.029,18.478,6.636,3.067,3.479,0.068,0.117,0.742,0.819
1477010446900000,18.572,6.806,2.736,4.089,18.618,6.799,3.047,3.457,0.068,0.116,0.738,0.817
1477010446950000,18.706,7.012,2.638,4.147,18.776,6.981,3.067,3.482,0.068,0.116,0.735,0.815
1477010447000000,18.836,7.221,2.539,4.203,18.966,7.151,3.133,3.463,0.069,0.115,0.733,0.814
1477010447050000,18.960,7.433,2.438,4.257,19.068,7.308,2.864,3.370,0.070,0.115,0.730,0.815
1477010447100000,19.080,7.647,2.335,4.310,19.150,7.619,2.723,3.700,0.070,0.115,0.727,0.813
1477010447150000,19.194,7.864,2.229,4.360,19.280,7.798,2.679,3.674,0.070,0.114,0.724,0.812
1477010447200000,19.303,8.083,2.123,4.408,19.352,8.049,2.556,3.837,0.070,0.114,0.722,0.809
1477010447250000,19.406,8.305,2.014,4.454,19.459,8.234,2.505,3.821,0.069,0.113,0.719,0.807
1477010447300000,19.504,8.529,1.904,4.498,19.548,8.402,2.446,3.781,0.069,0.113,0.718,0.806
1477010447350000,19.597,8.755,1.792,4.540,19.651,8.577,2.314,3.710,0.069,0.114,0.716,0.807
1477010447400000,19.683,8.983,1.678,4.578,19.802,8.788,2.370,3.757,0.070,0.116,0.715,0.807
1477010447450000,19.765,9.213,1.563,4.615,19.890,8.973,2.189,3.695,0.071,0.118,0.715,0.808
1477010447500000,19.840,9.445,1.447,4.649,20.007,9.244,2.182,3.881,0.072,0.119,0.715,0.808
1477010447550000,19.909,9.678,1.329,4.680,20.069,9.425,1.929,3.777,0.074,0.121,0.714,0.809
1477010447600000,19.973,9.913,1.210,4.708,20.142,9.709,1.862,3.990,0.076,0.122,0.713,0.808
1477010447650000,20.030,10.149,1.090,4.734,20.208,9.940,1.791,4.059,0.077,0.124,0.713,0.807
1477010447700000,20.082,10.386,0.968,4.757,20.246,10.257,1.663,4.315,0.079,0.124,0.713,0.804
1477010447750000,20.127,10.625,0.846,4.777,20.276,10.457,1.396,4.204,0.080,0.124,0.711,0.802
1477010447800000,20.166,10.864,0.722,4.793,20.323,10.773,1.325,4.436,0.081,0.124,0.710,0.798
1477010447850000,20.199,11.104,0.598,4.807,20.356,11.012,1.197,4.441,0.082,0.124,0.709,0.795
1477010447900000,20.226,11.345,0.473,4.818,20.386,11.278,1.128,4.543,0.083,0.123,0.709,0.791
1477010447950000,20.247,11.586,0.347,4.826,20.355,11.475,0.701,4.330,0.084,0.123,0.706,0.789
1477010448000000,20.261,11.828,0.220,4.830,20.416,11.749,0.731,4.441,0.085,0.123,0.704,0.786
1477010448050000,20.269,12.069,0.093,4.832,20.442,11.970,0.751,4.466,0.086,0.123,0.704,0.783
1477010448100000,20.270,12.311,-0.034,4.830,20.420,12.299,0.611,4.708,0.087,0.122,0.703,0.779
1477010448150000,20.265,12.552,-0.162,4.825,20.388,12.498,0.254,4.490,0.087,0.121,0.701,0.776
1477010448200000,20.254,12.793,-0.289,4.816,20.407,12.766,0.253,4.579,0.088,0.121,0.700,0.773
1477010448250000,20.236,13.034,-0.417,4.804,20.404,12.968,0.102,4.449,0.089,0.120,0.698,0.770
1477010448300000,20.212,13.274,-0.545,4.789,20.366,13.203,0.018,4.489,0.090,0.120,0.697,0.767
1477010448350000,20.182,13.513,-0.673,4.771,20.336,13.411,-0.115,4.407,0.091,0.120,0.696,0.764
1477010448400000,20.145,13.751,-0.801,4.749,20.306,13.710,-0.183,4.578,0.092,0.119,0.695,0.761
1477010448450000,20.102,13.988,-0.928,4.724,20.263,13.907,-0.406,4.407,0.092,0.119,0.694,0.758
1477010448500000,20.052,14.223,-1.055,4.695,20.197,14.201,-0.513,4.576,0.093,0.119,0.693,0.755
1477010448550000,19.996,14.457,-1.181,4.663,20.134,14.404,-0.694,4.444,0.094,0.118,0.691,0.752
1477010448600000,19.934,14.690,-1.307,4.628,20.016,14.699,-0.875,4.622,0.093,0.118,0.689,0.748
1477010448650000,19.865,14.920,-1.432,4.589,19.951,14.897,-0.987,4.501,0.093,0.117,0.687,0.745
1477010448700000,19.791,15.149,-1.556,4.548,19.920,15.135,-0.956,4.523,0.094,0.117,0.687,0.742
1477010448750000,19.710,15.375,-1.679,4.502,19.813,15.306,-1.409,4.143,0.094,0.116,0.684,0.739
1477010448800000,19.623,15.599,-1.801,4.454,19.777,15.509,-1.342,4.123,0.095,0.116,0.683,0.737
1477010448850000,19.530,15.820,-1.922,4.402,19.694,15.688,-1.452,4.004,0.095,0.116,0.681,0.735
1477010448900000,19.431,16.039,-2.041,4.347,19.576,15.937,-1.554,4.120,0.096,0.116,0.680,0.732
1477010448950000,19.326,16.255,-2.159,4.289,19.479,16.126,-1.633,4.051,0.097,0.116,0.679,0.729
1477010449000000,19.215,16.468,-2.276,4.227,19.366,16.328,-1.694,4.060,0.097,0.117,0.678,0.726
1477010449050000,19.098,16.678,-2.391,4.163,19.256,16.502,-1.876,3.887,0.098,0.117,0.677,0.724
1477010449100000,18.976,16.884,-2.504,4.095,19.111,16.752,-1.994,4.016,0.098,0.117,0.675,0.721
1477010449150000,18.848,17.087,-2.616,4.025,18.969,16.920,-2.334,3.700,0.098,0.118,0.673,0.718
1477010449200000,18.714,17.287,-2.725,3.951,18.767,17.205,-2.533,3.927,0.098,0.118,0.671,0.716
1477010449250000,18.575,17.482,-2.833,3.875,18.651,17.402,-2.460,3.973,0.098,0.117,0.669,0.713
1477010449300000,18.431,17.674,-2.939,3.796,18.429,17.630,-2.666,4.065,0.098,0.117,0.667,0.710
1477010449350000,18.281,17.862,-3.042,3.714,18.282,17.813,-2.740,3.977,0.097,0.116,0.665,0.708
1477010449400000,18.127,18.045,-3.143,3.629,18.157,18.014,-2.715,3.978,0.097,0.116,0.663,0.706
1477010449450000,17.967,18.225,-3.242,3.542,17.982,18.156,-2.989,3.671,0.096,0.116,0.661,0.703
1477010449500000,17.803,18.399,-3.338,3.452,17.862,18.300,-2.918,3.583,0.096,0.116,0.659,0.701
1477010449550000,17.633,18.570,-3.432,3.360,17.727,18.467,-2.984,3.463,0.096,0.116,0.658,0.698
1477010449600000,17.459,18.735,-3.524,3.265,17.523,18.677,-3.106,3.553,0.096,0.115,0.657,0.696
1477010449650000,17.281,18.896,-3.613,3.168,17.343,18.804,-3.294,3.301,0.096,0.115,0.655,0.693
1477010449700000,17.098,19.052,-3.699,3.069,17.186,18.948,-3.272,3.256,0.096,0.115,0.653,0.691
1477010449750000,16.911,19.203,-3.782,2.968,17.013,19.110,-3.372,3.157,0.096,0.115,0.652,0.689
1477010449800000,16.720,19.349,-3.863,2.865,16.796,19.240,-3.464,3.119,0.096,0.115,0.650,0.686
1477010449850000,16.525,19.489,-3.940,2.759,16.600,19.387,-3.627,2.953,0.095,0.115,0.649,0.684
1477010449900000,16.326,19.625,-4.015,2.652,16.361,19.574,-3.759,3.045,0.095,0.114,0.647,0.682
1477010449950000,16.124,19.755,-4.087,2.544,16.130,19.651,-3.985,2.740,0.095,0.114,0.644,0.680
1477010450000000,15.918,19.879,-4.156,2.433,15.921,19.809,-4.012,2.783,0.095,0.114,0.642,0.678
1477010450050000,15.708,19.998,-4.222,2.321,15.721,19.925,-4.025,2.712,0.094,0.114,0.640,0.677
1477010450100000,15.496,20.111,-4.285,2.208,15.484,20.100,-4.110,2.798,0.094,0.113,0.638,0.676
1477010450150000,15.280,20.219,-4.344,2.093,15.256,20.241,-4.240,2.675,0.094,0.113,0.636,0.676
1477010450200000,15.061,20.320,-4.401,1.978,15.082,20.374,-4.159,2.663,0.093,0.113,0.634,0.676
1477010450250000,14.840,20.416,-4.454,1.861,14.840,20.454,-4.344,2.396,0.093,0.112,0.632,0.675
1477010450300000,14.616,20.506,-4.504,1.743,14.632,20.578,-4.326,2.400,0.093,0.112,0.630,0.675
1477010450350000,14.390,20.590,-4.551,1.624,14.384,20.663,-4.509,2.146,0.092,0.112,0.628,0.674
1477010450400000,14.161,20.669,-4.595,1.504,14.145,20.740,-4.531,2.095,0.092,0.112,0.626,0.673
1477010450450000,13.930,20.741,-4.636,1.384,13.895,20.810,-4.687,1.857,0.092,0.111,0.624,0.672
1477010450500000,13.698,20.807,-4.674,1.263,13.622,20.881,-4.767,1.829,0.092,0.111,0.622,0.672
1477010450550000,13.463,20.867,-4.708,1.142,13.358,20.913,-4.966,1.486,0.092,0.111,0.620,0.670
1477010450600000,13.227,20.921,-4.739,1.020,13.124,20.953,-4.927,1.417,0.092,0.111,0.618,0.668
1477010450650000,12.990,20.969,-4.767,0.898,12.875,21.010,-5.002,1.269,0.092,0.110,0.616,0.667
1477010450700000,12.751,21.011,-4.792,0.775,12.700,21.047,-4.834,1.199,0.092,0.110,0.614,0.666
1477010450750000,12.511,21.047,-4.814,0.653,12.430,21.086,-4.970,1.007,0.092,0.110,0.613,0.664
1477010450800000,12.269,21.076,-4.832,0.531,12.191,21.129,-4.947,0.990,0.092,0.109,0.611,0.663
1477010450850000,12.028,21.100,-4.848,0.409,11.934,21.148,-5.062,0.763,0.092,0.109,0.609,0.662
1477010450900000,11.785,21.117,-4.860,0.287,11.710,21.118,-4.984,0.633,0.092,0.109,0.607,0.660
1477010450950000,11.542,21.128,-4.870,0.165,11.443,21.104,-5.092,0.403,0.092,0.109,0.605,0.658
1477010451000000,11.298,21.134,-4.876,0.044,11.247,21.097,-4.959,0.339,0.091,0.108,0.604,0.657
1477010451050000,11.054,21.133,-4.880,-0.077,10.972,21.058,-5.082,0.088,0.091,0.108,0.602,0.655
1477010451100000,10.810,21.126,-4.881,-0.197,10.783,21.020,-4.930,-0.005,0.091,0.108,0.600,0.653
1477010451150000,10.567,21.113,-4.878,-0.316,10.510,21.018,-5.000,-0.029,0.091,0.108,0.598,0.651
1477010451200000,10.323,21.094,-4.873,-0.435,10.222,21.061,-5.093,0.057,0.091,0.108,0.597,0.650
1477010451250000,10.080,21.070,-4.866,-0.552,9.956,21.044,-5.186,-0.132,0.091,0.107,0.595,0.649
1477010451300000,9.837,21.039,-4.856,-0.669,9.796,21.002,-4.957,-0.217,0.091,0.107,0.594,0.648
1477010451350000,9.594,21.003,-4.843,-0.785,9.543,20.989,-4.980,-0.247,0.091,0.107,0.592,0.648
1477010451400000,9.353,20.961,-4.827,-0.900,9.381,20.938,-4.780,-0.335,0.091,0.106,0.590,0.647
1477010451450000,9.112,20.913,-4.809,-1.014,9.139,20.896,-4.859,-0.553,0.090,0.106,0.589,0.646
1477010451500000,8.872,20.859,-4.789,-1.126,8.838,20.874,-4.990,-0.529,0.090,0.106,0.587,0.646
1477010451550000,8.633,20.800,-4.766,-1.237,8.597,20.795,-5.037,-0.784,0.090,0.106,0.586,0.645
1477010451600000,8.396,20.736,-4.741,-1.347,8.327,20.712,-5.067,-0.857,0.090,0.105,0.585,0.644
1477010451650000,8.159,20.666,-4.714,-1.455,8.069,20.634,-5.127,-1.074,0.090,0.105,0.584,0.643
1477010451700000,7.924,20.590,-4.685,-1.562,7.846,20.550,-5.046,-1.135,0.090,0.105,0.583,0.642
1477010451750000,7.691,20.510,-4.653,-1.668,7.599,20.467,-5.106,-1.380,0.090,0.104,0.582,0.641
1477010451800000,7.459,20.424,-4.620,-1.772,7.291,20.409,-5.226,-1.349,0.090,0.104,0.582,0.640
1477010451850000,7.229,20.333,-4.584,-1.874,7.026,20.314,-5.260,-1.491,0.091,0.104,0.583,0.638
1477010451900000,7.001,20.236,-4.547,-1.975,6.784,20.226,-5.210,-1.518,0.093,0.104,0.583,0.638
1477010451950000,6.775,20.135,-4.509,-2.074,6.528,20.135,-5.226,-1.634,0.094,0.103,0.584,0.637
1477010452000000,6.551,20.029,-4.468,-2.171,6.310,20.038,-5.126,-1.668,0.096,0.103,0.585,0.636
1477010452050000,6.328,19.918,-4.426,-2.266,6.064,19.946,-5.141,-1.810,0.097,0.103,0.585,0.635
1477010452100000,6.108,19.803,-4.382,-2.360,5.826,19.847,-5.095,-1.827,0.099,0.103,0.586,0.635
1477010452150000,5.890,19.682,-4.337,-2.452,5.558,19.705,-5.169,-2.119,0.102,0.102,0.588,0.633
1477010452200000,5.675,19.558,-4.291,-2.542,5.432,19.572,-4.863,-2.186,0.103,0.102,0.588,0.632
1477010452250000,5.461,19.428,-4.244,-2.630,5.201,19.423,-4.867,-2.377,0.105,0.102,0.588,0.631
1477010452300000,5.251,19.295,-4.195,-2.716,5.021,19.316,-4.724,-2.368,0.106,0.101,0.587,0.630
1477010452350000,5.042,19.157,-4.145,-2.801,4.815,19.200,-4.664,-2.393,0.107,0.101,0.587,0.629
1477010452400000,4.836,19.015,-4.094,-2.883,4.692,19.046,-4.409,-2.472,0.107,0.101,0.586,0.628
1477010452450000,4.633,18.869,-4.043,-2.964,4.456,18.894,-4.470,-2.686,0.108,0.101,0.585,0.626
1477010452500000,4.432,18.719,-3.990,-3.042,4.309,18.761,-4.295,-2.694,0.108,0.101,0.584,0.625
1477010452550000,4.234,18.565,-3.937,-3.119,4.110,18.616,-4.262,-2.738,0.108,0.100,0.583,0.624
1477010452600000,4.039,18.407,-3.883,-3.194,4.022,18.462,-3.975,-2.786,0.107,0.100,0.582,0.623
1477010452650000,3.846,18.246,-3.828,-3.266,3.806,18.287,-4.056,-3.142,0.107,0.100,0.580,0.622
1477010452700000,3.656,18.081,-3.773,-3.337,3.552,18.143,-4.175,-3.115,0.107,0.100,0.580,0.620
1477010452750000,3.469,17.912,-3.718,-3.406,3.376,17.990,-4.095,-3.093,0.107,0.100,0.579,0.619
1477010452800000,3.284,17.740,-3.662,-3.473,3.159,17.823,-4.122,-3.112,0.107,0.100,0.578,0.618
1477010452850000,3.103,17.565,-3.606,-3.538,2.942,17.639,-4.169,-3.360,0.108,0.099,0.578,0.617
1477010452900000,2.924,17.387,-3.550,-3.602,2.793,17.520,-4.034,-3.284,0.108,0.100,0.578,0.615
1477010452950000,2.748,17.205,-3.493,-3.663,2.606,17.304,-4.036,-3.592,0.108,0.100,0.578,0.614
1477010453000000,2.575,17.021,-3.437,-3.723,2.457,17.112,-3.913,-3.618,0.108,0.100,0.577,0.612
1477010453050000,2.404,16.833,-3.381,-3.780,2.274,16.945,-3.875,-3.514,0.108,0.100,0.577,0.611
1477010453100000,2.237,16.643,-3.324,-3.836,2.138,16.774,-3.742,-3.512,0.108,0.100,0.576,0.610
1477010453150000,2.072,16.450,-3.268,-3.890,1.938,16.574,-3.770,-3.553,0.108,0.100,0.576,0.609
1477010453200000,1.910,16.254,-3.212,-3.942,1.806,16.345,-3.637,-3.642,0.108,0.100,0.575,0.608
1477010453250000,1.751,16.056,-3.157,-3.993,1.629,16.167,-3.628,-3.643,0.108,0.100,0.575,0.607
1477010453300000,1.595,15.855,-3.101,-4.041,1.445,16.001,-3.634,-3.615,0.108,0.100,0.574,0.606
1477010453350000,1.441,15.652,-3.046,-4.088,1.274,15.766,-3.626,-3.931,0.109,0.100,0.574,0.605
1477010453400000,1.290,15.446,-2.992,-4.134,1.128,15.545,-3.545,-3.974,0.109,0.100,0.574,0.604
1477010453450000,1.142,15.239,-2.938,-4.177,0.945,15.349,-3.560,-3.998,0.110,0.100,0.575,0.602
1477010453500000,0.996,15.029,-2.885,-4.219,0.754,15.127,-3.589,-4.034,0.111,0.100,0.575,0.601
1477010453550000,0.854,14.817,-2.832,-4.260,0.595,14.944,-3.538,-3.971,0.112,0.101,0.576,0.600
1477010453600000,0.713,14.603,-2.781,-4.299,0.529,14.733,-3.279,-3.994,0.112,0.101,0.576,0.599
1477010453650000,0.576,14.387,-2.730,-4.336,0.383,14.487,-3.244,-4.254,0.113,0.101,0.575,0.597
1477010453700000,0.440,14.170,-2.679,-4.372,0.233,14.263,-3.216,-4.274,0.113,0.101,0.575,0.596
1477010453750000,0.308,13.950,-2.630,-4.406,0.071,14.004,-3.213,-4.568,0.114,0.101,0.575,0.595
1477010453800000,0.178,13.729,-2.581,-4.439,0.099,13.757,-2.771,-4.599,0.114,0.100,0.574,0.594
1477010453850000,0.050,13.507,-2.534,-4.471,-0.034,13.509,-2.758,-4.749,0.114,0.100,0.573,0.592
1477010453900000,-0.076,13.282,-2.487,-4.501,-0.178,13.274,-2.773,-4.745,0.114,0.100,0.572,0.591
1477010453950000,-0.199,13.057,-2.442,-4.530,-0.316,13.053,-2.772,-4.653,0.114,0.100,0.571,0.590
1477010454000000,-0.320,12.830,-2.397,-4.557,-0.284,12.837,-2.371,-4.622,0.114,0.099,0.570,0.589
1477010454050000,-0.439,12.601,-2.354,-4.583,-0.423,12.608,-2.423,-4.553,0.114,0.099,0.568,0.587
1477010454100000,-0.555,12.371,-2.312,-4.608,-0.521,12.378,-2.370,-4.556,0.113,0.099,0.567,0.586
1477010454150000,-0.670,12.140,-2.271,-4.632,-0.661,12.164,-2.420,-4.541,0.113,0.099,0.566,0.585
1477010454200000,-0.782,11.908,-2.231,-4.655,-0.714,11.955,-2.258,-4.506,0.113,0.099,0.565,0.584
1477010454250000,-0.893,11.675,-2.193,-4.676,-0.857,11.718,-2.326,-4.564,0.113,0.098,0.564,0.582
1477010454300000,-1.002,11.441,-2.156,-4.696,-1.041,11.473,-2.486,-4.600,0.112,0.098,0.563,0.581
1477010454350000,-1.109,11.206,-2.120,-4.715,-1.146,11.244,-2.446,-4.528,0.112,0.098,0.562,0.580
1477010454400000,-1.214,10.969,-2.086,-4.734,-1.309,11.020,-2.542,-4.529,0.112,0.098,0.562,0.579
1477010454450000,-1.317,10.732,-2.053,-4.751,-1.416,10.765,-2.473,-4.754,0.112,0.098,0.561,0.578
1477010454500000,-1.419,10.495,-2.021,-4.767,-1.528,10.511,-2.446,-4.780,0.112,0.097,0.560,0.576
1477010454550000,-1.519,10.256,-1.991,-4.782,-1.639,10.240,-2.399,-4.955,0.112,0.097,0.560,0.575
1477010454600000,-1.618,10.016,-1.962,-4.796,-1.708,10.035,-2.275,-4.875,0.112,0.097,0.559,0.574
1477010454650000,-1.715,9.776,-1.935,-4.809,-1.800,9.802,-2.223,-4.844,0.112,0.097,0.558,0.573
1477010454700000,-1.811,9.536,-1.909,-4.822,-1.851,9.589,-2.076,-4.784,0.112,0.097,0.557,0.572
1477010454750000,-1.906,9.294,-1.885,-4.833,-1.974,9.328,-2.095,-4.938,0.112,0.097,0.556,0.570
1477010454800000,-2.000,9.052,-1.862,-4.844,-2.045,9.034,-2.023,-5.010,0.111,0.096,0.555,0.569
1477010454850000,-2.093,8.810,-1.841,-4.853,-2.126,8.811,-1.981,-4.908,0.111,0.096,0.554,0.568
1477010454900000,-2.184,8.567,-1.822,-4.862,-2.211,8.564,-1.948,-4.909,0.111,0.096,0.553,0.567
1477010454950000,-2.275,8.324,-1.804,-4.870,-2.346,8.300,-2.031,-4.982,0.111,0.096,0.552,0.566
1477010455000000,-2.365,8.080,-1.787,-4.878,-2.375,8.078,-1.856,-4.913,0.111,0.096,0.551,0.565
1477010455050000,-2.453,7.836,-1.772,-4.884,-2.430,7.867,-1.754,-4.859,0.110,0.095,0.550,0.563
1477010455100000,-2.542,7.592,-1.759,-4.890,-2.542,7.617,-1.812,-4.878,0.110,0.095,0.548,0.562
1477010455150000,-2.629,7.347,-1.748,-4.895,-2.702,7.374,-2.018,-4.806,0.110,0.095,0.548,0.561
1477010455200000,-2.717,7.102,-1.738,-4.899,-2.805,7.122,-2.026,-4.829,0.110,0.095,0.547,0.560
1477010455250000,-2.803,6.857,-1.730,-4.903,-2.868,6.885,-1.892,-4.911,0.110,0.095,0.546,0.559
1477010455300000,-2.890,6.612,-1.723,-4.906,-2.891,6.692,-1.714,-4.789,0.110,0.095,0.545,0.558
1477010455350000,-2.976,6.367,-1.718,-4.908,-2.932,6.478,-1.636,-4.645,0.109,0.095,0.544,0.557
1477010455400000,-3.061,6.121,-1.715,-4.909,-2.985,6.249,-1.568,-4.629,0.109,0.095,0.543,0.556
1477010455450000,-3.147,5.876,-1.713,-4.910,-3.107,5.993,-1.639,-4.751,0.109,0.095,0.542,0.555
1477010455500000,-3.233,5.630,-1.713,-4.910,-3.198,5.714,-1.671,-4.834,0.109,0.095,0.540,0.554
1477010455550000,-3.318,5.385,-1.715,-4.909,-3.301,5.466,-1.766,-4.780,0.109,0.095,0.539,0.553
1477010455600000,-3.404,5.140,-1.718,-4.907,-3.405,5.201,-1.810,-4.838,0.108,0.095,0.538,0.552
1477010455650000,-3.490,4.894,-1.723,-4.905,-3.474,4.954,-1.714,-4.903,0.108,0.095,0.537,0.551
1477010455700000,-3.577,4.649,-1.729,-4.902,-3.600,4.665,-1.818,-5.013,0.108,0.094,0.536,0.550
1477010455750000,-3.663,4.404,-1.738,-4.899,-3.700,4.413,-1.905,-4.948,0.108,0.094,0.535,0.549
1477010455800000,-3.750,4.159,-1.747,-4.894,-3.846,4.132,-2.027,-5.047,0.108,0.094,0.535,0.548
1477010455850000,-3.838,3.915,-1.759,-4.889,-3.926,3.889,-1.909,-5.080,0.108,0.094,0.534,0.547
1477010455900000,-3.926,3.670,-1.772,-4.883,-3.987,3.666,-1.822,-4.993,0.108,0.094,0.533,0.546
1477010455950000,-4.015,3.426,-1.787,-4.877,-4.068,3.474,-1.835,-4.812,0.107,0.094,0.532,0.545
1477010456000000,-4.105,3.182,-1.803,-4.869,-4.158,3.231,-1.834,-4.817,0.107,0.093,0.531,0.544
1477010456050000,-4.196,2.939,-1.821,-4.861,-4.276,2.975,-1.955,-4.828,0.107,0.093,0.530,0.543
1477010456100000,-4.287,2.696,-1.841,-4.852,-4.372,2.697,-1.966,-4.912,0.107,0.093,0.529,0.542
1477010456150000,-4.380,2.454,-1.862,-4.842,-4.460,2.447,-1.911,-4.936,0.107,0.093,0.528,0.541
1477010456200000,-4.474,2.212,-1.884,-4.831,-4.570,2.175,-1.949,-5.005,0.107,0.093,0.527,0.540
1477010456250000,-4.568,1.971,-1.909,-4.820,-4.661,1.963,-2.055,-4.849,0.107,0.093,0.526,0.539
1477010456300000,-4.664,1.730,-1.934,-4.808,-4.789,1.678,-2.118,-4.968,0.107,0.093,0.525,0.538
1477010456350000,-4.762,1.490,-1.961,-4.794,-4.913,1.429,-2.216,-4.960,0.107,0.092,0.524,0.537
1477010456400000,-4.861,1.250,-1.990,-4.780,-4.957,1.216,-2.088,-4.846,0.107,0.092,0.523,0.536
1477010456450000,-4.961,1.012,-2.020,-4.765,-5.046,1.005,-2.035,-4.762,0.107,0.092,0.522,0.535
1477010456500000,-5.063,0.774,-2.052,-4.748,-5.096,0.789,-1.940,-4.690,0.107,0.092,0.521,0.534
1477010456550000,-5.166,0.537,-2.085,-4.731,-5.207,0.472,-2.075,-4.913,0.107,0.092,0.520,0.533
1477010456600000,-5.271,0.301,-2.119,-4.713,-5.279,0.238,-2.021,-4.881,0.107,0.092,0.519,0.532
1477010456650000,-5.378,0.065,-2.155,-4.694,-5.394,-0.056,-1.960,-5.013,0.106,0.092,0.519,0.532
1477010456700000,-5.487,-0.169,-2.192,-4.673,-5.459,-0.281,-1.908,-4.945,0.106,0.092,0.518,0.531
1477010456750000,-5.597,-0.402,-2.230,-4.652,-5.563,-0.450,-1.968,-4.733,0.106,0.092,0.517,0.530
1477010456800000,-5.710,-0.634,-2.270,-4.629,-5.691,-0.628,-2.019,-4.570,0.106,0.092,0.517,0.529
1477010456850000,-5.825,-0.865,-2.311,-4.605,-5.807,-0.848,-2.241,-4.575,0.106,0.092,0.516,0.528
1477010456900000,-5.941,-1.095,-2.353,-4.580,-5.913,-1.124,-2.224,-4.705,0.105,0.091,0.515,0.527
1477010456950000,-6.060,-1.323,-2.396,-4.554,-6.007,-1.401,-2.203,-4.821,0.105,0.091,0.514,0.526
1477010457000000,-6.181,-1.550,-2.440,-4.526,-6.143,-1.607,-2.256,-4.723,0.105,0.091,0.513,0.526
1477010457050000,-6.304,-1.776,-2.486,-4.498,-6.287,-1.848,-2.508,-4.787,0.105,0.091,0.512,0.525
1477010457100000,-6.430,-2.000,-2.532,-4.467,-6.400,-2.102,-2.482,-4.827,0.105,0.091,0.511,0.524
1477010457150000,-6.557,-2.223,-2.579,-4.436,-6.544,-2.305,-2.493,-4.712,0.105,0.091,0.511,0.524
1477010457200000,-6.688,-2.444,-2.628,-4.403,-6.692,-2.511,-2.541,-4.632,0.104,0.091,0.510,0.523
1477010457250000,-6.820,-2.663,-2.677,-4.368,-6.845,-2.729,-2.634,-4.605,0.104,0.091,0.509,0.522
1477010457300000,-6.955,-2.881,-2.727,-4.333,-6.942,-3.004,-2.559,-4.727,0.104,0.091,0.508,0.522
1477010457350000,-7.093,-3.097,-2.778,-4.295,-7.068,-3.232,-2.525,-4.692,0.104,0.091,0.507,0.522
1477010457400000,-7.233,-3.311,-2.830,-4.256,-7.190,-3.414,-2.534,-4.567,0.104,0.091,0.507,0.521
1477010457450000,-7.376,-3.522,-2.883,-4.216,-7.334,-3.679,-2.576,-4.661,0.104,0.092,0.506,0.521
1477010457500000,-7.522,-3.732,-2.936,-4.174,-7.489,-3.793,-2.665,-4.377,0.103,0.092,0.506,0.520
1477010457550000,-7.670,-3.940,-2.990,-4.130,-7.632,-4.008,-2.753,-4.400,0.103,0.092,0.505,0.519
1477010457600000,-7.821,-4.145,-3.044,-4.085,-7.786,-4.241,-2.779,-4.424,0.103,0.092,0.504,0.519
1477010457650000,-7.975,-4.349,-3.099,-4.038,-7.934,-4.471,-2.806,-4.448,0.103,0.092,0.504,0.518
1477010457700000,-8.131,-4.549,-3.154,-3.989,-8.096,-4.714,-2.840,-4.484,0.103,0.092,0.503,0.518
1477010457750000,-8.290,-4.748,-3.209,-3.939,-8.230,-4.922,-2.721,-4.385,0.103,0.092,0.503,0.518
1477010457800000,-8.452,-4.943,-3.265,-3.886,-8.362,-5.133,-2.717,-4.369,0.103,0.093,0.503,0.518
1477010457850000,-8.617,-5.136,-3.321,-3.832,-8.502,-5.299,-2.686,-4.220,0.103,0.093,0.504,0.518
1477010457900000,-8.784,-5.327,-3.377,-3.777,-8.690,-5.494,-2.793,-4.163,0.103,0.094,0.504,0.517
1477010457950000,-8.955,-5.514,-3.434,-3.719,-8.844,-5.700,-2.843,-4.168,0.103,0.094,0.504,0.517
1477010458000000,-9.128,-5.699,-3.490,-3.660,-9.004,-5.876,-2.886,-4.090,0.103,0.094,0.505,0.517
1477010458050000,-9.304,-5.880,-3.546,-3.598,-9.136,-6.032,-2.838,-3.962,0.103,0.095,0.506,0.516
1477010458100000,-9.483,-6.059,-3.603,-3.535,-9.314,-6.114,-2.942,-3.696,0.103,0.095,0.506,0.516
1477010458150000,-9.664,-6.234,-3.659,-3.470,-9.486,-6.309,-3.041,-3.744,0.104,0.095,0.507,0.515
1477010458200000,-9.849,-6.406,-3.714,-3.403,-9.631,-6.515,-3.020,-3.787,0.104,0.095,0.507,0.515
1477010458250000,-10.036,-6.574,-3.770,-3.334,-9.849,-6.685,-3.266,-3.786,0.105,0.095,0.507,0.514
1477010458300000,-10.226,-6.739,-3.825,-3.263,-10.059,-6.846,-3.362,-3.710,0.105,0.095,0.507,0.514
1477010458350000,-10.419,-6.901,-3.879,-3.190,-10.239,-7.019,-3.434,-3.710,0.105,0.095,0.507,0.514
1477010458400000,-10.614,-7.058,-3.933,-3.116,-10.476,-7.201,-3.560,-3.681,0.105,0.095,0.507,0.514
1477010458450000,-10.812,-7.212,-3.986,-3.039,-10.673,-7.355,-3.621,-3.619,0.106,0.095,0.506,0.515
1477010458500000,-11.013,-7.363,-4.039,-2.961,-10.928,-7.516,-3.766,-3.552,0.105,0.095,0.506,0.515
1477010458550000,-11.216,-7.509,-4.090,-2.880,-11.103,-7.671,-3.700,-3.472,0.105,0.096,0.505,0.515
1477010458600000,-11.422,-7.651,-4.141,-2.798,-11.261,-7.813,-3.658,-3.414,0.106,0.096,0.505,0.516
1477010458650000,-11.630,-7.788,-4.191,-2.713,-11.443,-7.956,-3.654,-3.346,0.106,0.096,0.505,0.516
1477010458700000,-11.841,-7.922,-4.239,-2.627,-11.630,-8.045,-3.686,-3.178,0.107,0.096,0.505,0.516
1477010458750000,-12.055,-8.051,-4.287,-2.539,-11.805,-8.178,-3.593,-3.068,0.107,0.096,0.506,0.516
1477010458800000,-12.270,-8.176,-4.333,-2.449,-12.027,-8.253,-3.698,-2.886,0.108,0.096,0.507,0.516
1477010458850000,-12.488,-8.296,-4.378,-2.358,-12.251,-8.397,-3.920,-2.968,0.109,0.096,0.506,0.516
1477010458900000,-12.708,-8.412,-4.422,-2.264,-12.466,-8.465,-3.981,-2.791,0.109,0.096,0.506,0.516
1477010458950000,-12.930,-8.523,-4.464,-2.169,-12.651,-8.575,-3.867,-2.670,0.110,0.096,0.507,0.516
1477010459000000,-13.155,-8.629,-4.504,-2.072,-12.945,-8.652,-4.072,-2.518,0.111,0.096,0.506,0.516
1477010459050000,-13.381,-8.730,-4.543,-1.973,-13.186,-8.771,-4.200,-2.525,0.111,0.096,0.506,0.516
1477010459100000,-13.609,-8.826,-4.580,-1.872,-13.421,-8.805,-4.274,-2.317,0.111,0.096,0.505,0.516
1477010459150000,-13.839,-8.917,-4.615,-1.770,-13.608,-8.879,-4.098,-2.152,0.112,0.096,0.506,0.516
1477010459200000,-14.071,-9.003,-4.649,-1.666,-13.851,-8.973,-4.173,-2.111,0.112,0.096,0.505,0.515
1477010459250000,-14.304,-9.084,-4.680,-1.561,-14.098,-9.081,-4.363,-2.178,0.113,0.095,0.505,0.516
1477010459300000,-14.539,-9.159,-4.709,-1.454,-14.340,-9.180,-4.409,-2.149,0.113,0.095,0.504,0.516
1477010459350000,-14.775,-9.229,-4.737,-1.346,-14.548,-9.280,-4.317,-2.090,0.114,0.095,0.504,0.517
1477010459400000,-15.013,-9.294,-4.762,-1.236,-14.856,-9.258,-4.526,-1.792,0.114,0.095,0.504,0.517
1477010459450000,-15.252,-9.353,-4.784,-1.125,-15.099,-9.358,-4.520,-1.789,0.114,0.095,0.503,0.518
1477010459500000,-15.492,-9.406,-4.805,-1.013,-15.387,-9.454,-4.634,-1.784,0.114,0.095,0.502,0.519
1477010459550000,-15.732,-9.454,-4.823,-0.899,-15.602,-9.522,-4.452,-1.654,0.114,0.095,0.502,0.520
1477010459600000,-15.974,-9.496,-4.838,-0.784,-15.880,-9.580,-4.561,-1.585,0.114,0.095,0.502,0.521
1477010459650000,-16.216,-9.533,-4.851,-0.669,-16.106,-9.628,-4.473,-1.468,0.114,0.095,0.501,0.522
1477010459700000,-16.459,-9.563,-4.862,-0.552,-16.377,-9.593,-4.588,-1.220,0.114,0.095,0.501,0.522
1477010459750000,-16.703,-9.588,-4.869,-0.434,-16.567,-9.631,-4.446,-1.136,0.114,0.094,0.500,0.523
1477010459800000,-16.946,-9.607,-4.874,-0.316,-16.878,-9.583,-4.637,-0.883,0.114,0.094,0.500,0.523
1477010459850000,-17.190,-9.620,-4.876,-0.196,-17.114,-9.668,-4.653,-0.986,0.114,0.094,0.499,0.524
1477010459900000,-17.434,-9.626,-4.876,-0.077,-17.400,-9.657,-4.770,-0.842,0.114,0.094,0.499,0.525
1477010459950000,-17.678,-9.627,-4.872,0.044,-17.635,-9.685,-4.655,-0.756,0.114,0.094,0.498,0.526
1477010460000000,-17.922,-9.622,-4.866,0.165,-17.915,-9.622,-4.767,-0.526,0.113,0.094,0.497,0.526
1477010460050000,-18.165,-9.611,-4.856,0.287,-18.132,-9.627,-4.613,-0.423,0.113,0.094,0.497,0.527
1477010460100000,-18.407,-9.593,-4.844,0.408,-18.348,-9.643,-4.588,-0.417,0.113,0.094,0.496,0.528
1477010460150000,-18.649,-9.570,-4.829,0.531,-18.567,-9.661,-4.583,-0.421,0.113,0.094,0.496,0.530
1477010460200000,-18.890,-9.540,-4.810,0.653,-18.842,-9.617,-4.682,-0.267,0.113,0.094,0.495,0.531
1477010460250000,-19.130,-9.504,-4.789,0.775,-19.053,-9.611,-4.628,-0.221,0.113,0.094,0.494,0.533
1477010460300000,-19.369,-9.463,-4.764,0.897,-19.329,-9.457,-4.750,0.153,0.113,0.094,0.494,0.534
1477010460350000,-19.607,-9.415,-4.736,1.019,-19.538,-9.423,-4.553,0.271,0.113,0.093,0.493,0.535
1477010460400000,-19.843,-9.361,-4.705,1.141,-19.822,-9.260,-4.688,0.615,0.112,0.093,0.492,0.535
1477010460450000,-20.078,-9.301,-4.671,1.262,-20.041,-9.189,-4.583,0.731,0.112,0.093,0.492,0.535
1477010460500000,-20.310,-9.234,-4.633,1.383,-20.216,-9.304,-4.458,0.382,0.112,0.093,0.491,0.537
1477010460550000,-20.541,-9.162,-4.593,1.503,-20.438,-9.294,-4.423,0.377,0.112,0.094,0.490,0.539
1477010460600000,-20.770,-9.084,-4.549,1.623,-20.686,-9.159,-4.498,0.640,0.112,0.093,0.490,0.541
1477010460650000,-20.996,-9.000,-4.502,1.742,-20.912,-9.110,-4.399,0.717,0.112,0.094,0.489,0.543
1477010460700000,-21.220,-8.910,-4.452,1.860,-21.127,-9.009,-4.405,0.860,0.112,0.094,0.488,0.545
1477010460750000,-21.441,-8.814,-4.399,1.977,-21.344,-8.955,-4.288,0.929,0.112,0.094,0.488,0.547
1477010460800000,-21.660,-8.712,-4.342,2.092,-21.550,-8.900,-4.276,0.945,0.112,0.094,0.487,0.550
1477010460850000,-21.875,-8.605,-4.283,2.207,-21.716,-8.812,-3.969,1.101,0.112,0.095,0.487,0.552
1477010460900000,-22.088,-8.491,-4.220,2.320,-21.939,-8.691,-4.024,1.254,0.112,0.095,0.486,0.554
1477010460950000,-22.297,-8.373,-4.154,2.432,-22.137,-8.609,-4.027,1.295,0.112,0.096,0.485,0.556
1477010461000000,-22.504,-8.248,-4.086,2.543,-22.395,-8.465,-4.141,1.485,0.112,0.096,0.485,0.558
1477010461050000,-22.706,-8.118,-4.014,2.651,-22.570,-8.382,-3.961,1.546,0.112,0.097,0.484,0.561
1477010461100000,-22.905,-7.983,-3.939,2.758,-22.849,-8.079,-4.148,2.065,0.112,0.097,0.484,0.561
1477010461150000,-23.100,-7.842,-3.862,2.864,-23.021,-7.969,-3.840,2.159,0.112,0.097,0.483,0.562
1477010461200000,-23.291,-7.697,-3.781,2.967,-23.281,-7.745,-3.981,2.431,0.112,0.097,0.482,0.561
1477010461250000,-23.478,-7.546,-3.698,3.068,-23.471,-7.611,-3.948,2.464,0.112,0.097,0.482,0.562
1477010461300000,-23.661,-7.390,-3.612,3.167,-23.654,-7.453,-3.929,2.540,0.112,0.097,0.482,0.562
1477010461350000,-23.839,-7.229,-3.523,3.264,-23.833,-7.309,-3.795,2.605,0.112,0.097,0.481,0.562
1477010461400000,-24.013,-7.063,-3.432,3.359,-24.003,-7.212,-3.756,2.527,0.111,0.097,0.481,0.563
1477010461450000,-24.182,-6.893,-3.338,3.451,-24.157,-7.060,-3.522,2.622,0.111,0.097,0.480,0.564
1477010461500000,-24.347,-6.718,-3.242,3.541,-24.346,-6.764,-3.568,3.000,0.111,0.097,0.480,0.564
1477010461550000,-24.507,-6.539,-3.143,3.629,-24.500,-6.613,-3.312,3.060,0.111,0.097,0.479,0.564
1477010461600000,-24.661,-6.355,-3.042,3.713,-24.604,-6.472,-3.205,3.025,0.111,0.097,0.479,0.564
1477010461650000,-24.811,-6.168,-2.938,3.796,-24.731,-6.310,-3.017,3.076,0.111,0.097,0.478,0.565
1477010461700000,-24.955,-5.976,-2.833,3.875,-24.939,-6.061,-3.128,3.299,0.111,0.097,0.478,0.565
1477010461750000,-25.094,-5.780,-2.725,3.951,-25.057,-5.878,-2.930,3.361,0.111,0.097,0.477,0.565
1477010461800000,-25.228,-5.581,-2.616,4.025,-25.205,-5.687,-2.936,3.412,0.110,0.097,0.477,0.565
1477010461850000,-25.356,-5.378,-2.504,4.096,-25.346,-5.513,-2.861,3.432,0.110,0.098,0.477,0.565
1477010461900000,-25.478,-5.171,-2.391,4.163,-25.514,-5.255,-2.912,3.634,0.110,0.098,0.477,0.565
1477010461950000,-25.595,-4.962,-2.276,4.228,-25.630,-5.091,-2.798,3.605,0.110,0.098,0.477,0.565
1477010462000000,-25.706,-4.749,-2.160,4.289,-25.758,-4.910,-2.777,3.605,0.110,0.098,0.477,0.566
1477010462050000,-25.811,-4.533,-2.041,4.348,-25.867,-4.724,-2.597,3.635,0.110,0.098,0.477,0.566
1477010462100000,-25.910,-4.314,-1.922,4.403,-26.001,-4.447,-2.614,3.851,0.110,0.098,0.478,0.566
1477010462150000,-26.003,-4.092,-1.801,4.455,-26.101,-4.253,-2.225,3.905,0.110,0.099,0.478,0.566
1477010462200000,-26.090,-3.869,-1.679,4.503,-26.212,-3.927,-2.236,4.203,0.110,0.098,0.478,0.565
1477010462250000,-26.171,-3.642,-1.556,4.549,-26.277,-3.714,-1.850,4.245,0.110,0.098,0.478,0.565
1477010462300000,-26.245,-3.414,-1.432,4.591,-26.317,-3.425,-1.769,4.419,0.110,0.098,0.477,0.564
1477010462350000,-26.314,-3.183,-1.307,4.630,-26.357,-3.199,-1.454,4.450,0.110,0.098,0.477,0.564
1477010462400000,-26.376,-2.951,-1.182,4.665,-26.391,-2.950,-1.392,4.511,0.109,0.098,0.476,0.563
1477010462450000,-26.432,-2.717,-1.055,4.697,-26.437,-2.733,-1.212,4.508,0.109,0.098,0.476,0.562
1477010462500000,-26.482,-2.481,-0.928,4.726,-26.520,-2.585,-1.244,4.331,0.109,0.098,0.476,0.562
1477010462550000,-26.525,-2.245,-0.801,4.751,-26.564,-2.359,-1.107,4.356,0.109,0.098,0.475,0.562
1477010462600000,-26.562,-2.007,-0.673,4.773,-26.627,-2.151,-1.119,4.332,0.109,0.098,0.475,0.561
1477010462650000,-26.592,-1.767,-0.546,4.791,-26.646,-1.926,-0.951,4.355,0.109,0.098,0.475,0.561
1477010462700000,-26.616,-1.528,-0.418,4.807,-26.661,-1.650,-0.897,4.492,0.109,0.098,0.475,0.560
1477010462750000,-26.634,-1.287,-0.290,4.819,-26.649,-1.431,-0.535,4.499,0.109,0.098,0.475,0.560
1477010462800000,-26.645,-1.046,-0.162,4.827,-26.664,-1.185,-0.517,4.548,0.108,0.099,0.474,0.559
1477010462850000,-26.650,-0.804,-0.034,4.832,-26.683,-0.967,-0.345,4.532,0.108,0.099,0.474,0.559
1477010462900000,-26.648,-0.563,0.094,4.834,-26.708,-0.688,-0.360,4.654,0.108,0.099,0.474,0.558
1477010462950000,-26.641,-0.321,0.221,4.833,-26.687,-0.453,-0.026,4.652,0.108,0.099,0.473,0.558
1477010463000000,-26.626,-0.080,0.347,4.829,-26.655,-0.122,0.031,4.880,0.108,0.099,0.473,0.557
1477010463050000,-26.606,0.161,0.473,4.821,-26.625,0.121,0.296,4.873,0.108,0.099,0.473,0.556
1477010463100000,-26.579,0.402,0.598,4.810,-26.613,0.441,0.292,5.048,0.108,0.099,0.472,0.556
1477010463150000,-26.546,0.642,0.723,4.797,-26.587,0.688,0.422,5.033,0.108,0.099,0.472,0.555
1477010463200000,-26.507,0.882,0.846,4.780,-26.592,0.984,0.380,5.133,0.108,0.099,0.472,0.555
1477010463250000,-26.462,1.120,0.969,4.760,-26.538,1.254,0.504,5.160,0.108,0.099,0.472,0.554
1477010463300000,-26.410,1.357,1.091,4.737,-26.496,1.480,0.531,5.089,0.107,0.099,0.472,0.554
1477010463350000,-26.353,1.594,1.211,4.712,-26.442,1.703,0.718,5.022,0.107,0.099,0.472,0.554
1477010463400000,-26.289,1.828,1.330,4.683,-26.399,1.897,0.728,4.891,0.107,0.099,0.473,0.553
1477010463450000,-26.220,2.062,1.448,4.652,-26.321,2.130,1.014,4.846,0.107,0.099,0.472,0.552
1477010463500000,-26.144,2.293,1.565,4.619,-26.269,2.305,1.015,4.692,0.107,0.099,0.473,0.552
1477010463550000,-26.063,2.523,1.680,4.582,-26.195,2.532,1.139,4.667,0.108,0.098,0.473,0.551
1477010463600000,-25.976,2.751,1.793,4.543,-26.126,2.781,1.160,4.704,0.108,0.098,0.473,0.551
1477010463650000,-25.884,2.977,1.905,4.502,-26.024,3.008,1.531,4.650,0.108,0.098,0.473,0.550
1477010463700000,-25.786,3.201,2.016,4.458,-25.927,3.307,1.570,4.803,0.108,0.098,0.473,0.549
1477010463750000,-25.683,3.423,2.125,4.412,-25.833,3.546,1.757,4.778,0.108,0.098,0.473,0.549
1477010463800000,-25.574,3.642,2.231,4.364,-25.736,3.733,1.768,4.660,0.108,0.098,0.473,0.549
1477010463850000,-25.460,3.859,2.337,4.314,-25.609,3.948,2.005,4.601,0.108,0.098,0.472,0.548
1477010463900000,-25.340,4.074,2.440,4.261,-25.551,4.109,1.928,4.438,0.109,0.098,0.473,0.548
1477010463950000,-25.216,4.285,2.541,4.207,-25.418,4.315,2.147,4.380,0.109,0.098,0.472,0.547
1477010464000000,-25.086,4.494,2.641,4.151,-25.264,4.539,2.225,4.398,0.109,0.098,0.472,0.546
1477010464050000,-24.952,4.700,2.738,4.093,-25.102,4.741,2.379,4.351,0.109,0.098,0.472,0.546
1477010464100000,-24.813,4.903,2.834,4.033,-24.994,4.931,2.358,4.286,0.109,0.098,0.472,0.545
1477010464150000,-24.669,5.103,2.927,3.971,-24.826,5.130,2.589,4.228,0.110,0.098,0.472,0.545
1477010464200000,-24.520,5.300,3.018,3.908,-24.665,5.352,2.644,4.256,0.110,0.098,0.472,0.545
1477010464250000,-24.367,5.494,3.108,3.844,-24.481,5.547,2.976,4.169,0.110,0.097,0.471,0.544
1477010464300000,-24.210,5.684,3.195,3.778,-24.302,5.712,3.022,4.076,0.110,0.097,0.471,0.544
1477010464350000,-24.048,5.871,3.280,3.711,-24.123,5.891,3.268,3.982,0.110,0.097,0.470,0.543
1477010464400000,-23.882,6.055,3.362,3.643,-23.958,6.040,3.266,3.870,0.110,0.097,0.470,0.543
1477010464450000,-23.712,6.235,3.443,3.574,-23.798,6.240,3.195,3.904,0.110,0.097,0.469,0.542
1477010464500000,-23.538,6.412,3.521,3.504,-23.646,6.384,3.175,3.788,0.110,0.097,0.469,0.542
1477010464550000,-23.360,6.586,3.598,3.432,-23.483,6.571,3.262,3.760,0.110,0.097,0.469,0.541
1477010464600000,-23.178,6.755,3.672,3.360,-23.263,6.808,3.367,3.883,0.110,0.097,0.468,0.541
1477010464650000,-22.993,6.921,3.744,3.288,-23.051,6.969,3.559,3.785,0.109,0.097,0.468,0.541
1477010464700000,-22.804,7.084,3.813,3.214,-22.848,7.133,3.599,3.734,0.109,0.097,0.467,0.541
1477010464750000,-22.612,7.243,3.881,3.140,-22.619,7.293,3.871,3.623,0.109,0.097,0.467,0.541
1477010464800000,-22.416,7.398,3.946,3.066,-22.447,7.415,3.825,3.486,0.109,0.096,0.466,0.541
1477010464850000,-22.217,7.549,4.010,2.991,-22.199,7.574,4.192,3.359,0.109,0.096,0.466,0.541
1477010464900000,-22.015,7.697,4.071,2.916,-22.027,7.715,4.121,3.290,0.109,0.096,0.465,0.540
1477010464950000,-21.810,7.841,4.130,2.841,-21.824,7.908,4.110,3.357,0.109,0.096,0.465,0.540
1477010465000000,-21.603,7.981,4.187,2.765,-21.632,8.028,4.078,3.249,0.109,0.096,0.464,0.540
1477010465050000,-21.392,8.117,4.242,2.690,-21.425,8.180,4.168,3.196,0.108,0.096,0.464,0.540
1477010465100000,-21.179,8.250,4.294,2.614,-21.223,8.176,4.125,2.833,0.108,0.096,0.463,0.540
1477010465150000,-20.963,8.378,4.345,2.539,-21.016,8.343,4.081,2.914,0.108,0.096,0.463,0.539
1477010465200000,-20.744,8.503,4.394,2.463,-20.854,8.480,4.004,2.883,0.108,0.096,0.463,0.539
1477010465250000,-20.524,8.625,4.441,2.388,-20.592,8.619,4.328,2.785,0.108,0.096,0.462,0.539
1477010465300000,-20.301,8.742,4.486,2.314,-20.350,8.747,4.373,2.768,0.108,0.096,0.462,0.539
1477010465350000,-20.075,8.856,4.529,2.239,-20.138,8.886,4.342,2.777,0.108,0.095,0.461,0.539
1477010465400000,-19.848,8.966,4.570,2.165,-19.958,8.963,4.262,2.630,0.108,0.095,0.461,0.538
1477010465450000,-19.619,9.072,4.609,2.092,-19.748,9.087,4.263,2.609,0.108,0.095,0.461,0.538
1477010465500000,-19.387,9.175,4.647,2.019,-19.543,9.139,4.232,2.434,0.108,0.095,0.461,0.538
1477010465550000,-19.154,9.274,4.683,1.947,-19.286,9.265,4.453,2.378,0.108,0.095,0.461,0.538
1477010465600000,-18.919,9.370,4.717,1.875,-19.004,9.349,4.554,2.325,0.108,0.095,0.460,0.538
1477010465650000,-18.683,9.462,4.749,1.804,-18.772,9.450,4.659,2.245,0.108,0.095,0.460,0.537
1477010465700000,-18.445,9.550,4.780,1.734,-18.524,9.540,4.681,2.203,0.108,0.095,0.459,0.537
1477010465750000,-18.205,9.635,4.810,1.665,-18.235,9.606,4.997,2.015,0.108,0.095,0.459,0.537
1477010465800000,-17.964,9.716,4.837,1.597,-17.943,9.728,5.075,2.075,0.108,0.095,0.458,0.537
1477010465850000,-17.721,9.795,4.864,1.530,-17.681,9.836,5.055,2.109,0.108,0.094,0.458,0.537
1477010465900000,-17.478,9.869,4.889,1.463,-17.416,9.928,5.074,2.086,0.108,0.094,0.457,0.537
1477010465950000,-17.233,9.941,4.912,1.398,-17.147,10.030,5.188,2.033,0.108,0.094,0.457,0.537
1477010466000000,-16.987,10.009,4.934,1.334,-16.887,10.136,5.191,2.042,0.108,0.094,0.457,0.538
1477010466050000,-16.740,10.074,4.955,1.271,-16.611,10.225,5.295,1.975,0.108,0.095,0.457,0.538
1477010466100000,-16.491,10.136,4.975,1.209,-16.381,10.306,5.225,1.923,0.108,0.095,0.456,0.539
1477010466150000,-16.242,10.195,4.993,1.149,-16.102,10.398,5.349,1.859,0.108,0.095,0.456,0.539
1477010466200000,-15.992,10.251,5.010,1.090,-15.894,10.382,5.209,1.607,0.108,0.095,0.456,0.539
1477010466250000,-15.742,10.304,5.027,1.032,-15.632,10.459,5.235,1.583,0.108,0.095,0.455,0.539
1477010466300000,-15.490,10.354,5.042,0.975,-15.440,10.415,5.072,1.298,0.108,0.095,0.455,0.539
1477010466350000,-15.238,10.402,5.056,0.920,-15.120,10.464,5.373,1.150,0.108,0.095,0.455,0.538
1477010466400000,-14.985,10.446,5.069,0.866,-14.874,10.499,5.325,1.095,0.108,0.095,0.454,0.538
1477010466450000,-14.731,10.488,5.081,0.813,-14.627,10.528,5.188,1.092,0.108,0.095,0.454,0.537
1477010466500000,-14.477,10.528,5.092,0.762,-14.407,10.471,5.087,0.845,0.108,0.095,0.453,0.537
1477010466550000,-14.222,10.564,5.103,0.713,-14.134,10.505,5.172,0.797,0.108,0.095,0.453,0.536
1477010466600000,-13.967,10.599,5.113,0.665,-13.826,10.668,5.296,1.070,0.108,0.095,0.452,0.536
1477010466650000,-13.711,10.631,5.122,0.618,-13.563,10.729,5.252,1.119,0.108,0.095,0.452,0.536
1477010466700000,-13.455,10.661,5.130,0.574,-13.333,10.712,5.171,0.957,0.108,0.095,0.451,0.536
1477010466750000,-13.198,10.688,5.137,0.530,-13.054,10.750,5.290,0.877,0.108,0.095,0.451,0.535
1477010466800000,-12.941,10.714,5.144,0.489,-12.807,10.841,5.266,0.964,0.108,0.095,0.451,0.535
1477010466850000,-12.684,10.737,5.151,0.448,-12.529,10.900,5.323,0.969,0.108,0.095,0.450,0.535
1477010466900000,-12.426,10.759,5.157,0.410,-12.318,10.843,5.185,0.735,0.108,0.095,0.450,0.535
1477010466950000,-12.168,10.778,5.162,0.373,-12.054,10.881,5.195,0.739,0.108,0.095,0.449,0.535
1477010467000000,-11.910,10.796,5.167,0.338,-11.817,10.941,5.156,0.775,0.108,0.095,0.449,0.534
1477010467050000,-11.652,10.812,5.171,0.305,-11.527,10.969,5.267,0.718,0.108,0.095,0.448,0.534
1477010467100000,-11.393,10.827,5.175,0.273,-11.314,10.969,5.155,0.626,0.108,0.096,0.448,0.534
1477010467150000,-11.134,10.839,5.178,0.243,-11.007,10.945,5.509,0.287,0.108,0.096,0.448,0.533
1477010467200000,-10.875,10.851,5.182,0.214,-10.727,10.896,5.505,0.164,0.108,0.096,0.447,0.533
1477010467250000,-10.616,10.861,5.184,0.188,-10.458,10.900,5.499,0.143,0.108,0.095,0.447,0.532
1477010467300000,-10.357,10.870,5.187,0.163,-10.241,10.877,5.374,0.058,0.108,0.095,0.447,0.532
1477010467350000,-10.098,10.877,5.189,0.140,-9.992,10.926,5.216,0.292,0.108,0.095,0.446,0.531
1477010467400000,-9.838,10.884,5.191,0.118,-9.741,10.973,5.203,0.350,0.108,0.095,0.446,0.531
1477010467450000,-9.579,10.889,5.193,0.099,-9.504,10.950,5.191,0.214,0.108,0.095,0.446,0.530
1477010467500000,-9.319,10.894,5.194,0.081,-9.252,10.974,5.177,0.236,0.108,0.095,0.445,0.530
1477010467550000,-9.059,10.897,5.196,0.065,-9.003,10.949,5.165,0.138,0.108,0.095,0.445,0.529
1477010467600000,-8.799,10.900,5.197,0.050,-8.745,10.981,5.171,0.186,0.108,0.095,0.444,0.529
1477010467650000,-8.540,10.902,5.198,0.038,-8.502,10.931,5.160,0.022,0.108,0.095,0.444,0.528
1477010467700000,-8.280,10.904,5.198,0.027,-8.362,10.828,4.889,-0.231,0.108,0.095,0.443,0.528
1477010467750000,-8.020,10.905,5.199,0.018,-8.109,10.840,4.891,-0.151,0.108,0.095,0.443,0.527
1477010467800000,-7.760,10.906,5.199,0.011,-7.762,10.905,5.130,0.028,0.108,0.095,0.443,0.527
1477010467850000,-7.500,10.906,5.200,0.005,-7.500,10.899,5.120,0.048,0.108,0.095,0.442,0.526
1477010467900000,-7.240,10.906,5.200,0.002,-7.229,10.889,5.151,0.031,0.108,0.095,0.442,0.526
