time,gt_x,gt_y,gt_vx,gt_vy,est_x,est_y,est_vx,est_vy,rmse_x,rmse_y,rmse_vx,rmse_vy
11477010443000000,0.360,0.600,-4.800,0.002,0.202,0.386,-1.243,-2.377,0.158,0.214,3.558,2.379
11477010443050000,0.120,0.600,-4.801,0.005,0.218,0.683,-0.117,3.571,0.132,0.162,4.159,3.031
11477010443100000,-0.120,0.601,-4.801,0.010,0.039,0.659,-3.557,0.604,0.142,0.137,3.471,2.498
11477010443150000,-0.360,0.601,-4.802,0.017,-0.221,0.628,-5.318,0.295,0.141,0.119,3.017,2.168
11477010443200000,-0.600,0.602,-4.802,0.025,-0.606,0.608,-6.558,0.161,0.126,0.107,2.810,1.940
11477010443250000,-0.840,0.604,-4.803,0.035,-0.921,0.607,-6.493,0.174,0.120,0.097,2.657,1.772
11477010443300000,-1.080,0.606,-4.804,0.046,-1.067,0.558,-5.413,0.082,0.111,0.092,2.470,1.641
11477010443350000,-1.321,0.608,-4.805,0.060,-1.312,0.559,-5.321,0.128,0.104,0.088,2.318,1.535
11477010443400000,-1.561,0.612,-4.806,0.075,-1.460,0.567,-4.701,0.204,0.104,0.084,2.186,1.448
11477010443450000,-1.801,0.616,-4.807,0.091,-1.650,0.578,-4.579,0.271,0.109,0.081,2.075,1.375
11477010443500000,-2.041,0.621,-4.808,0.109,-1.869,0.605,-4.567,0.357,0.116,0.077,1.980,1.313
11477010443550000,-2.282,0.627,-4.809,0.129,-2.133,0.638,-4.631,0.395,0.119,0.074,1.896,1.259
11477010443600000,-2.522,0.634,-4.810,0.151,-2.406,0.583,-4.815,0.047,0.119,0.072,1.822,1.210
11477010443650000,-2.763,0.642,-4.811,0.174,-2.663,0.617,-4.825,0.174,0.118,0.070,1.755,1.166
11477010443700000,-3.003,0.651,-4.812,0.199,-2.922,0.645,-4.764,0.223,0.116,0.068,1.696,1.127
11477010443750000,-3.244,0.662,-4.813,0.226,-3.183,0.691,-4.785,0.353,0.113,0.066,1.642,1.091
11477010443800000,-3.484,0.674,-4.813,0.254,-3.431,0.674,-4.797,0.217,0.111,0.064,1.593,1.059
11477010443850000,-3.725,0.687,-4.814,0.284,-3.693,0.628,-4.862,0.009,0.108,0.064,1.548,1.031
11477010443900000,-3.966,0.702,-4.814,0.315,-3.924,0.677,-4.869,0.190,0.105,0.062,1.507,1.004
11477010443950000,-4.206,0.719,-4.815,0.348,-4.219,0.629,-4.988,-0.015,0.103,0.064,1.469,0.982
11477010444000000,-4.447,0.737,-4.815,0.383,-4.461,0.628,-4.958,-0.018,0.100,0.067,1.434,0.962
11477010444050000,-4.688,0.757,-4.814,0.419,-4.706,0.685,-4.932,0.176,0.098,0.067,1.401,0.941
11477010444100000,-4.928,0.779,-4.814,0.457,-4.925,0.758,-4.922,0.403,0.096,0.066,1.371,0.921
11477010444150000,-5.169,0.803,-4.813,0.497,-5.192,0.760,-4.968,0.342,0.094,0.065,1.342,0.902
11477010444200000,-5.409,0.829,-4.811,0.538,-5.460,0.742,-5.100,0.235,0.093,0.066,1.317,0.886
11477010444250000,-5.650,0.857,-4.809,0.581,-5.682,0.836,-5.019,0.499,0.091,0.065,1.292,0.869
11477010444300000,-5.890,0.887,-4.807,0.625,-5.909,0.914,-4.753,0.627,0.089,0.064,1.268,0.852
11477010444350000,-6.130,0.919,-4.804,0.671,-6.104,0.936,-4.678,0.602,0.088,0.063,1.245,0.837
11477010444400000,-6.370,0.954,-4.801,0.719,-6.355,0.982,-4.957,0.685,0.086,0.062,1.224,0.823
11477010444450000,-6.610,0.991,-4.797,0.768,-6.633,0.973,-5.023,0.554,0.085,0.061,1.204,0.810
11477010444500000,-6.850,1.031,-4.792,0.819,-6.873,1.000,-5.015,0.554,0.084,0.060,1.185,0.798
11477010444550000,-7.089,1.073,-4.786,0.871,-7.115,1.090,-4.982,0.741,0.083,0.059,1.167,0.786
11477010444600000,-7.328,1.118,-4.780,0.924,-7.367,1.079,-4.929,0.590,0.082,0.059,1.149,0.776
11477010444650000,-7.567,1.166,-4.773,0.980,-7.604,1.123,-4.909,0.633,0.081,0.058,1.132,0.767
11477010444700000,-7.805,1.216,-4.765,1.036,-7.821,1.159,-4.844,0.645,0.080,0.058,1.116,0.759
11477010444750000,-8.043,1.269,-4.756,1.094,-8.053,1.189,-4.827,0.639,0.078,0.059,1.101,0.752
11477010444800000,-8.281,1.325,-4.746,1.154,-8.281,1.298,-4.837,0.875,0.077,0.058,1.086,0.743
11477010444850000,-8.518,1.385,-4.735,1.215,-8.516,1.331,-4.827,0.844,0.076,0.058,1.071,0.736
11477010444900000,-8.754,1.447,-4.723,1.277,-8.725,1.363,-4.488,0.780,0.076,0.059,1.058,0.731
11477010444950000,-8.990,1.512,-4.710,1.341,-8.947,1.462,-4.469,0.950,0.075,0.059,1.046,0.724
11477010445000000,-9.225,1.581,-4.696,1.406,-9.186,1.488,-4.730,0.918,0.074,0.060,1.033,0.719
11477010445050000,-9.459,1.653,-4.680,1.472,-9.448,1.501,-4.783,0.824,0.073,0.064,1.021,0.718
11477010445100000,-9.693,1.728,-4.663,1.539,-9.700,1.498,-4.910,0.708,0.072,0.072,1.009,0.720
11477010445150000,-9.925,1.807,-4.644,1.608,-9.976,1.641,-4.948,1.010,0.072,0.075,0.999,0.718
11477010445200000,-10.157,1.889,-4.624,1.678,-10.193,1.762,-4.779,1.186,0.071,0.077,0.988,0.714
11477010445250000,-10.387,1.974,-4.603,1.749,-10.389,1.866,-4.688,1.313,0.071,0.078,0.977,0.709
11477010445300000,-10.617,2.064,-4.580,1.821,-10.647,1.957,-4.870,1.410,0.070,0.078,0.968,0.704
11477010445350000,-10.845,2.156,-4.555,1.894,-10.885,2.012,-4.864,1.367,0.070,0.080,0.959,0.700
11477010445400000,-11.072,2.253,-4.529,1.968,-11.110,2.104,-4.810,1.434,0.069,0.082,0.950,0.697
11477010445450000,-11.298,2.353,-4.501,2.043,-11.291,2.268,-4.675,1.692,0.068,0.082,0.940,0.692
11477010445500000,-11.522,2.457,-4.471,2.118,-11.532,2.351,-4.705,1.689,0.068,0.083,0.932,0.688
11477010445550000,-11.745,2.565,-4.440,2.195,-11.766,2.499,-4.686,1.864,0.067,0.083,0.923,0.683
11477010445600000,-11.966,2.677,-4.406,2.272,-12.020,2.622,-4.818,1.969,0.067,0.082,0.916,0.678
11477010445650000,-12.185,2.792,-4.371,2.351,-12.263,2.757,-4.813,2.067,0.067,0.082,0.910,0.673
11477010445700000,-12.403,2.911,-4.333,2.429,-12.502,2.832,-4.725,1.974,0.068,0.082,0.903,0.669
11477010445750000,-12.618,3.035,-4.293,2.508,-12.711,3.006,-4.658,2.179,0.068,0.081,0.896,0.665
11477010445800000,-12.832,3.162,-4.252,2.588,-12.935,3.128,-4.610,2.209,0.069,0.080,0.890,0.661
11477010445850000,-13.043,3.294,-4.208,2.668,-13.128,3.315,-4.520,2.420,0.069,0.080,0.883,0.656
11477010445900000,-13.252,3.429,-4.162,2.749,-13.318,3.419,-4.389,2.362,0.069,0.079,0.876,0.652
11477010445950000,-13.459,3.568,-4.113,2.829,-13.501,3.561,-4.313,2.430,0.069,0.078,0.869,0.649
11477010446000000,-13.663,3.712,-4.063,2.910,-13.729,3.721,-4.347,2.539,0.069,0.078,0.863,0.645
11477010446050000,-13.865,3.859,-4.010,2.991,-13.935,3.828,-4.332,2.488,0.069,0.077,0.857,0.643
11477010446100000,-14.064,4.011,-3.954,3.072,-14.127,3.981,-4.184,2.537,0.069,0.077,0.850,0.642
11477010446150000,-14.260,4.166,-3.897,3.153,-14.315,4.146,-4.129,2.642,0.069,0.076,0.844,0.640
11477010446200000,-14.453,4.326,-3.837,3.234,-14.540,4.295,-4.115,2.670,0.069,0.076,0.838,0.639
11477010446250000,-14.644,4.489,-3.774,3.314,-14.718,4.509,-4.036,2.887,0.069,0.075,0.833,0.636
11477010446300000,-14.831,4.657,-3.709,3.394,-14.917,4.657,-3.986,2.883,0.069,0.075,0.827,0.634
11477010446350000,-15.014,4.829,-3.641,3.474,-15.060,4.841,-3.868,2.999,0.069,0.074,0.821,0.632
11477010446400000,-15.194,5.004,-3.571,3.553,-15.240,4.977,-3.789,2.946,0.069,0.074,0.816,0.632
11477010446450000,-15.371,5.184,-3.498,3.631,-15.420,5.200,-3.747,3.144,0.069,0.073,0.811,0.630
11477010446500000,-15.544,5.367,-3.423,3.709,-15.578,5.373,-3.531,3.127,0.068,0.073,0.805,0.629
11477010446550000,-15.713,5.555,-3.345,3.786,-15.781,5.496,-3.592,3.038,0.068,0.072,0.800,0.631
11477010446600000,-15.878,5.746,-3.265,3.862,-15.954,5.629,-3.593,2.990,0.068,0.073,0.795,0.635
11477010446650000,-16.040,5.940,-3.182,3.936,-16.078,5.845,-3.467,3.176,0.068,0.073,0.791,0.637
11477010446700000,-16.197,6.139,-3.097,4.010,-16.246,5.992,-3.360,3.108,0.068,0.075,0.786,0.641
11477010446750000,-16.349,6.341,-3.009,4.082,-16.370,6.272,-3.235,3.440,0.067,0.075,0.781,0.641
11477010446800000,-16.497,6.547,-2.918,4.153,-16.512,6.398,-3.107,3.289,0.067,0.076,0.776,0.645
11477010446850000,-16.641,6.756,-2.825,4.223,-16.665,6.618,-3.085,3.433,0.067,0.077,0.772,0.647
11477010446900000,-16.779,6.969,-2.730,4.290,-16.827,6.810,-3.122,3.500,0.066,0.079,0.768,0.649
11477010446950000,-16.913,7.185,-2.632,4.357,-17.020,7.079,-3.158,3.732,0.067,0.079,0.766,0.648
11477010447000000,-17.042,7.405,-2.531,4.421,-17.144,7.270,-2.909,3.664,0.068,0.080,0.762,0.650
11477010447050000,-17.167,7.627,-2.428,4.483,-17.229,7.574,-2.741,3.983,0.068,0.080,0.758,0.648
11477010447100000,-17.285,7.853,-2.323,4.543,-17.369,7.756,-2.779,3.949,0.068,0.080,0.755,0.648
11477010447150000,-17.399,8.081,-2.216,4.602,-17.490,7.919,-2.758,3.866,0.068,0.082,0.753,0.649
11477010447200000,-17.507,8.313,-2.106,4.657,-17.602,8.131,-2.595,3.864,0.068,0.084,0.751,0.651
11477010447250000,-17.609,8.547,-1.994,4.711,-17.737,8.382,-2.581,4.005,0.069,0.085,0.749,0.651
11477010447300000,-17.706,8.783,-1.880,4.762,-17.821,8.553,-2.313,3.858,0.070,0.088,0.746,0.655
11477010447350000,-17.797,9.023,-1.763,4.811,-17.872,8.877,-2.133,4.204,0.070,0.089,0.743,0.654
11477010447400000,-17.882,9.264,-1.645,4.856,-17.952,9.093,-1.883,4.113,0.070,0.090,0.739,0.655
11477010447450000,-17.961,9.508,-1.525,4.899,-17.938,9.450,-1.603,4.522,0.070,0.090,0.735,0.653
11477010447500000,-18.035,9.754,-1.403,4.940,-18.003,9.688,-1.488,4.510,0.070,0.090,0.731,0.651
11477010447550000,-18.102,10.002,-1.279,4.977,-18.086,9.926,-1.500,4.538,0.069,0.090,0.727,0.649
11477010447600000,-18.162,10.252,-1.154,5.011,-18.178,10.113,-1.472,4.395,0.069,0.090,0.724,0.649
11477010447650000,-18.217,10.503,-1.026,5.042,-18.172,10.413,-1.284,4.619,0.069,0.090,0.721,0.647
11477010447700000,-18.265,10.755,-0.898,5.070,-18.257,10.649,-1.427,4.686,0.068,0.090,0.719,0.644
11477010447750000,-18.307,11.009,-0.768,5.095,-18.325,10.839,-1.440,4.578,0.068,0.092,0.719,0.643
11477010447800000,-18.342,11.265,-0.636,5.116,-18.380,11.048,-1.226,4.419,0.068,0.094,0.717,0.644
11477010447850000,-18.370,11.521,-0.504,5.134,-18.343,11.470,-0.941,4.944,0.067,0.093,0.715,0.641
11477010447900000,-18.392,11.778,-0.370,5.149,-18.384,11.709,-0.839,4.865,0.067,0.093,0.713,0.638
11477010447950000,-18.407,12.036,-0.235,5.159,-18.417,11.965,-0.814,4.899,0.067,0.093,0.712,0.635
11477010448000000,-18.416,12.294,-0.100,5.167,-18.452,12.205,-0.826,4.903,0.066,0.093,0.712,0.633
11477010448050000,-18.417,12.552,0.036,5.170,-18.489,12.487,-0.801,4.991,0.067,0.093,0.713,0.630
11477010448100000,-18.412,12.811,0.173,5.170,-18.502,12.734,-0.589,4.875,0.067,0.093,0.714,0.628
11477010448150000,-18.400,13.069,0.310,5.166,-18.503,13.037,-0.500,5.025,0.067,0.092,0.715,0.625
11477010448200000,-18.381,13.327,0.448,5.158,-18.494,13.242,-0.167,4.740,0.068,0.092,0.714,0.623
11477010448250000,-18.355,13.585,0.586,5.147,-18.421,13.572,0.043,4.993,0.068,0.092,0.712,0.620
11477010448300000,-18.322,13.841,0.724,5.131,-18.407,13.837,0.159,4.959,0.068,0.091,0.711,0.618
11477010448350000,-18.283,14.097,0.862,5.112,-18.362,14.113,0.252,5.040,0.068,0.091,0.710,0.615
11477010448400000,-18.236,14.352,1.000,5.089,-18.328,14.355,0.489,4.860,0.068,0.090,0.709,0.612
11477010448450000,-18.183,14.606,1.137,5.062,-18.283,14.581,0.527,4.831,0.069,0.090,0.708,0.610
11477010448500000,-18.122,14.858,1.274,5.031,-18.226,14.807,0.828,4.596,0.069,0.090,0.706,0.609
11477010448550000,-18.055,15.109,1.411,4.996,-18.120,15.106,1.000,4.779,0.069,0.089,0.704,0.606
11477010448600000,-17.981,15.358,1.546,4.957,-18.058,15.360,1.017,4.833,0.069,0.089,0.703,0.604
11477010448650000,-17.901,15.605,1.681,4.914,-17.981,15.612,1.081,4.868,0.069,0.089,0.702,0.601
11477010448700000,-17.813,15.849,1.815,4.867,-17.910,15.828,1.149,4.777,0.070,0.088,0.701,0.598
11477010448750000,-17.719,16.091,1.948,4.817,-17.819,16.074,1.226,4.807,0.070,0.088,0.702,0.596
11477010448800000,-17.618,16.331,2.079,4.763,-17.789,16.307,1.101,4.819,0.071,0.088,0.704,0.593
11477010448850000,-17.511,16.567,2.209,4.705,-17.620,16.598,1.370,4.979,0.072,0.087,0.706,0.591
11477010448900000,-17.398,16.801,2.338,4.643,-17.494,16.774,1.799,4.501,0.072,0.087,0.704,0.589
11477010448950000,-17.278,17.032,2.465,4.578,-17.377,17.031,1.873,4.584,0.072,0.087,0.704,0.587
11477010449000000,-17.151,17.259,2.590,4.509,-17.245,17.213,2.238,4.184,0.072,0.086,0.701,0.585
11477010449050000,-17.019,17.482,2.713,4.436,-17.076,17.512,2.405,4.408,0.072,0.086,0.699,0.583
11477010449100000,-16.880,17.702,2.834,4.360,-16.928,17.696,2.588,4.192,0.072,0.086,0.697,0.580
11477010449150000,-16.735,17.918,2.952,4.281,-16.795,17.920,2.603,4.225,0.072,0.085,0.694,0.578
11477010449200000,-16.585,18.130,3.069,4.198,-16.643,18.111,2.723,4.099,0.072,0.085,0.692,0.576
11477010449250000,-16.428,18.338,3.183,4.112,-16.484,18.264,2.753,3.996,0.072,0.085,0.691,0.574
11477010449300000,-16.267,18.542,3.295,4.022,-16.347,18.451,2.781,3.931,0.072,0.085,0.689,0.571
11477010449350000,-16.099,18.740,3.404,3.930,-16.160,18.685,2.908,4.031,0.072,0.085,0.688,0.569
11477010449400000,-15.926,18.934,3.510,3.835,-15.984,18.859,3.125,3.781,0.072,0.085,0.686,0.567
11477010449450000,-15.748,19.124,3.613,3.736,-15.766,19.123,3.300,3.967,0.071,0.084,0.684,0.565
11477010449500000,-15.565,19.308,3.714,3.635,-15.580,19.287,3.516,3.677,0.071,0.084,0.682,0.563
11477010449550000,-15.377,19.487,3.811,3.531,-15.391,19.507,3.562,3.760,0.071,0.084,0.680,0.561
11477010449600000,-15.184,19.661,3.906,3.425,-15.186,19.656,3.798,3.435,0.071,0.083,0.677,0.559
11477010449650000,-14.986,19.830,3.997,3.316,-14.950,19.883,3.927,3.570,0.070,0.083,0.675,0.557
11477010449700000,-14.784,19.993,4.085,3.205,-14.766,20.025,4.026,3.318,0.070,0.083,0.672,0.555
11477010449750000,-14.578,20.150,4.170,3.092,-14.640,20.143,3.833,3.184,0.070,0.083,0.670,0.554
11477010449800000,-14.367,20.302,4.251,2.977,-14.447,20.272,3.864,3.062,0.070,0.082,0.669,0.552
11477010449850000,-14.153,20.448,4.329,2.859,-14.187,20.467,4.038,3.178,0.070,0.082,0.667,0.550
11477010449900000,-13.934,20.588,4.403,2.740,-13.962,20.582,4.223,2.867,0.070,0.082,0.664,0.548
11477010449950000,-13.712,20.722,4.474,2.619,-13.773,20.728,4.171,2.864,0.070,0.082,0.663,0.547
11477010450000000,-13.487,20.850,4.541,2.497,-13.546,20.834,4.341,2.577,0.070,0.081,0.660,0.545
11477010450050000,-13.258,20.972,4.604,2.373,-13.291,20.979,4.439,2.624,0.070,0.081,0.658,0.543
11477010450100000,-13.026,21.087,4.664,2.248,-13.038,21.086,4.584,2.444,0.069,0.081,0.656,0.542
11477010450150000,-12.792,21.197,4.721,2.121,-12.762,21.251,4.714,2.545,0.069,0.081,0.654,0.541
11477010450200000,-12.554,21.299,4.773,1.994,-12.522,21.362,4.769,2.430,0.069,0.080,0.651,0.540
11477010450250000,-12.314,21.396,4.822,1.866,-12.240,21.508,4.886,2.496,0.069,0.081,0.649,0.541
11477010450300000,-12.072,21.486,4.867,1.736,-11.961,21.585,5.087,2.147,0.069,0.081,0.647,0.540
11477010450350000,-11.828,21.570,4.908,1.607,-11.792,21.678,4.867,2.088,0.069,0.081,0.645,0.540
11477010450400000,-11.581,21.647,4.946,1.476,-11.531,21.755,4.992,1.868,0.069,0.081,0.643,0.539
11477010450450000,-11.333,21.717,4.980,1.346,-11.267,21.800,5.015,1.780,0.069,0.081,0.641,0.538
11477010450500000,-11.083,21.781,5.011,1.215,-11.019,21.867,5.067,1.610,0.069,0.081,0.639,0.537
11477010450550000,-10.832,21.839,5.037,1.084,-10.816,21.876,4.919,1.451,0.069,0.081,0.637,0.537
11477010450600000,-10.579,21.890,5.060,0.953,-10.546,21.915,5.085,1.124,0.069,0.081,0.635,0.535
11477010450650000,-10.326,21.934,5.080,0.822,-10.268,21.964,5.144,1.117,0.069,0.081,0.632,0.534
11477010450700000,-10.071,21.972,5.096,0.691,-9.992,21.973,5.260,0.848,0.069,0.080,0.631,0.532
11477010450750000,-9.816,22.003,5.108,0.561,-9.748,22.002,5.209,0.817,0.069,0.080,0.629,0.531
11477010450800000,-9.560,22.028,5.117,0.431,-9.473,22.004,5.329,0.524,0.069,0.080,0.627,0.529
11477010450850000,-9.304,22.046,5.122,0.302,-9.267,22.039,5.177,0.520,0.069,0.080,0.625,0.528
11477010450900000,-9.048,22.058,5.125,0.174,-8.996,22.026,5.285,0.233,0.069,0.079,0.623,0.526
11477010450950000,-8.792,22.064,5.123,0.046,-8.698,22.059,5.375,0.284,0.069,0.079,0.621,0.525
11477010451000000,-8.535,22.063,5.119,-0.080,-8.416,22.039,5.527,-0.126,0.069,0.079,0.620,0.523
11477010451050000,-8.279,22.056,5.111,-0.206,-8.120,22.055,5.584,-0.078,0.070,0.079,0.619,0.522
11477010451100000,-8.024,22.042,5.101,-0.330,-7.819,22.050,5.680,-0.216,0.072,0.078,0.619,0.520
11477010451150000,-7.769,22.023,5.087,-0.454,-7.611,22.038,5.481,-0.237,0.072,0.078,0.618,0.519
11477010451200000,-7.515,21.997,5.070,-0.576,-7.326,21.986,5.609,-0.626,0.074,0.078,0.618,0.517
11477010451250000,-7.262,21.965,5.051,-0.696,-7.127,21.945,5.397,-0.667,0.074,0.078,0.616,0.516
11477010451300000,-7.010,21.927,5.028,-0.815,-6.842,21.894,5.468,-0.827,0.075,0.078,0.616,0.514
11477010451350000,-6.759,21.884,5.003,-0.933,-6.718,21.818,5.072,-0.928,0.075,0.078,0.614,0.513
11477010451400000,-6.509,21.834,4.976,-1.049,-6.495,21.772,4.981,-0.911,0.075,0.077,0.612,0.511
11477010451450000,-6.261,21.779,4.946,-1.163,-6.352,21.714,4.705,-0.965,0.075,0.077,0.610,0.510
11477010451500000,-6.015,21.718,4.913,-1.275,-6.104,21.645,4.732,-0.992,0.075,0.077,0.609,0.509
11477010451550000,-5.770,21.651,4.878,-1.386,-5.858,21.614,4.759,-0.954,0.075,0.077,0.607,0.509
11477010451600000,-5.527,21.579,4.841,-1.495,-5.614,21.531,4.858,-1.363,0.075,0.077,0.605,0.507
11477010451650000,-5.285,21.502,4.802,-1.601,-5.314,21.495,5.014,-1.291,0.075,0.077,0.604,0.506
11477010451700000,-5.046,21.419,4.760,-1.706,-5.020,21.416,5.143,-1.445,0.075,0.077,0.603,0.505
11477010451750000,-4.809,21.331,4.717,-1.809,-4.799,21.368,5.046,-1.406,0.075,0.076,0.601,0.505
11477010451800000,-4.574,21.238,4.672,-1.910,-4.567,21.279,4.986,-1.425,0.074,0.076,0.600,0.505
11477010451850000,-4.342,21.140,4.625,-2.008,-4.249,21.296,5.174,-1.250,0.074,0.077,0.600,0.506
11477010451900000,-4.112,21.037,4.577,-2.105,-3.968,21.218,5.251,-1.436,0.075,0.078,0.600,0.507
11477010451950000,-3.884,20.930,4.527,-2.199,-3.880,21.085,4.784,-1.570,0.075,0.079,0.599,0.508
11477010452000000,-3.659,20.817,4.475,-2.291,-3.627,20.942,4.882,-2.086,0.075,0.079,0.598,0.507
11477010452050000,-3.436,20.700,4.422,-2.381,-3.388,20.787,4.867,-2.178,0.075,0.079,0.597,0.506
11477010452100000,-3.216,20.579,4.368,-2.469,-3.165,20.668,4.819,-2.244,0.074,0.079,0.597,0.505
11477010452150000,-2.999,20.453,4.313,-2.555,-2.899,20.553,4.887,-2.245,0.075,0.079,0.597,0.504
11477010452200000,-2.785,20.323,4.256,-2.638,-2.616,20.436,4.992,-2.239,0.075,0.079,0.597,0.503
11477010452250000,-2.573,20.190,4.199,-2.719,-2.472,20.291,4.708,-2.305,0.076,0.079,0.597,0.503
11477010452300000,-2.365,20.052,4.141,-2.798,-2.225,20.145,4.761,-2.599,0.076,0.080,0.597,0.502
11477010452350000,-2.159,19.910,4.082,-2.874,-2.057,19.953,4.576,-2.715,0.076,0.079,0.597,0.501
11477010452400000,-1.956,19.764,4.022,-2.949,-1.832,19.776,4.582,-2.957,0.077,0.079,0.596,0.499
11477010452450000,-1.757,19.615,3.962,-3.021,-1.625,19.612,4.524,-2.987,0.077,0.079,0.596,0.498
11477010452500000,-1.560,19.462,3.901,-3.091,-1.380,19.425,4.576,-3.253,0.078,0.079,0.597,0.497
11477010452550000,-1.366,19.306,3.840,-3.159,-1.231,19.272,4.361,-3.239,0.078,0.079,0.596,0.496
11477010452600000,-1.176,19.146,3.779,-3.224,-1.013,19.084,4.367,-3.381,0.079,0.079,0.596,0.494
11477010452650000,-0.988,18.983,3.717,-3.288,-0.910,18.907,4.059,-3.400,0.079,0.079,0.595,0.493
11477010452700000,-0.804,18.817,3.655,-3.349,-0.692,18.745,4.100,-3.317,0.079,0.079,0.595,0.492
11477010452750000,-0.623,18.648,3.594,-3.408,-0.551,18.613,3.925,-3.256,0.079,0.078,0.594,0.491
11477010452800000,-0.444,18.476,3.532,-3.465,-0.360,18.422,3.915,-3.448,0.079,0.078,0.593,0.490
11477010452850000,-0.269,18.301,3.470,-3.520,-0.286,18.245,3.589,-3.457,0.079,0.078,0.591,0.488
11477010452900000,-0.097,18.124,3.408,-3.574,-0.117,18.051,3.563,-3.685,0.079,0.078,0.590,0.487
11477010452950000,0.072,17.944,3.347,-3.625,0.073,17.880,3.595,-3.660,0.079,0.078,0.589,0.486
11477010453000000,0.238,17.761,3.286,-3.674,0.275,17.704,3.662,-3.537,0.078,0.078,0.588,0.485
11477010453050000,0.401,17.576,3.225,-3.721,0.469,17.536,3.690,-3.521,0.078,0.078,0.587,0.484
11477010453100000,0.560,17.389,3.164,-3.767,0.705,17.382,3.828,-3.476,0.079,0.078,0.588,0.483
11477010453150000,0.717,17.199,3.105,-3.810,0.764,17.195,3.478,-3.487,0.079,0.077,0.587,0.482
11477010453200000,0.871,17.008,3.045,-3.852,0.931,16.998,3.455,-3.692,0.079,0.077,0.586,0.481
11477010453250000,1.022,16.814,2.987,-3.892,1.000,16.825,3.177,-3.664,0.078,0.077,0.585,0.480
11477010453300000,1.170,16.618,2.929,-3.930,1.165,16.614,3.169,-3.967,0.078,0.077,0.584,0.479
11477010453350000,1.315,16.421,2.871,-3.967,1.239,16.399,2.946,-3.991,0.078,0.077,0.582,0.478
11477010453400000,1.457,16.222,2.815,-4.002,1.385,16.191,2.938,-4.074,0.078,0.077,0.581,0.477
11477010453450000,1.597,16.021,2.759,-4.035,1.639,15.972,3.226,-4.110,0.078,0.076,0.580,0.476
11477010453500000,1.733,15.818,2.705,-4.067,1.753,15.766,3.097,-4.121,0.078,0.076,0.580,0.475
11477010453550000,1.867,15.614,2.651,-4.098,1.723,15.570,2.600,-4.093,0.078,0.076,0.578,0.474
11477010453600000,1.998,15.408,2.598,-4.127,1.887,15.381,2.688,-4.077,0.079,0.076,0.577,0.473
11477010453650000,2.127,15.201,2.546,-4.154,2.019,15.173,2.682,-4.085,0.079,0.076,0.576,0.471
11477010453700000,2.253,14.992,2.495,-4.181,2.159,14.946,2.668,-4.329,0.079,0.076,0.574,0.470
11477010453750000,2.377,14.783,2.446,-4.206,2.335,14.707,2.786,-4.376,0.079,0.076,0.574,0.470
11477010453800000,2.498,14.572,2.397,-4.229,2.454,14.470,2.726,-4.462,0.079,0.076,0.573,0.469
11477010453850000,2.616,14.360,2.350,-4.252,2.635,14.280,2.838,-4.408,0.078,0.076,0.572,0.468
11477010453900000,2.733,14.146,2.303,-4.273,2.791,14.039,2.840,-4.607,0.078,0.076,0.572,0.467
11477010453950000,2.847,13.932,2.258,-4.293,2.886,13.817,2.714,-4.584,0.078,0.076,0.572,0.467
11477010454000000,2.959,13.717,2.215,-4.312,3.002,13.571,2.659,-4.637,0.078,0.077,0.571,0.466
11477010454050000,3.069,13.501,2.172,-4.330,3.007,13.367,2.314,-4.560,0.078,0.077,0.570,0.465
11477010454100000,3.176,13.284,2.131,-4.347,3.091,13.171,2.241,-4.386,0.078,0.077,0.569,0.464
11477010454150000,3.282,13.066,2.092,-4.363,3.238,12.974,2.329,-4.350,0.078,0.077,0.568,0.463
11477010454200000,3.385,12.847,2.053,-4.378,3.371,12.745,2.406,-4.287,0.078,0.078,0.567,0.462
11477010454250000,3.487,12.628,2.016,-4.392,3.398,12.615,2.136,-4.107,0.078,0.077,0.566,0.462
11477010454300000,3.587,12.408,1.981,-4.405,3.525,12.396,2.160,-4.235,0.078,0.077,0.565,0.461
11477010454350000,3.685,12.188,1.946,-4.417,3.655,12.180,2.218,-4.250,0.078,0.077,0.564,0.460
11477010454400000,3.782,11.966,1.914,-4.429,3.736,11.965,2.133,-4.276,0.077,0.077,0.563,0.459
11477010454450000,3.877,11.745,1.882,-4.440,3.882,11.746,2.237,-4.296,0.077,0.077,0.562,0.458
11477010454500000,3.970,11.522,1.853,-4.450,3.972,11.525,2.122,-4.469,0.077,0.077,0.561,0.457
11477010454550000,4.062,11.300,1.824,-4.459,4.080,11.262,2.142,-4.546,0.077,0.076,0.560,0.456
11477010454600000,4.153,11.076,1.798,-4.468,4.220,11.051,2.235,-4.490,0.077,0.076,0.560,0.455
11477010454650000,4.242,10.853,1.772,-4.476,4.249,10.888,2.000,-4.344,0.077,0.076,0.559,0.454
11477010454700000,4.330,10.629,1.749,-4.483,4.325,10.669,1.901,-4.429,0.077,0.076,0.558,0.453
11477010454750000,4.417,10.404,1.726,-4.490,4.417,10.456,1.890,-4.412,0.076,0.076,0.556,0.452
11477010454800000,4.503,10.180,1.706,-4.496,4.530,10.225,1.925,-4.472,0.076,0.076,0.555,0.451
11477010454850000,4.588,9.955,1.687,-4.502,4.578,10.010,1.799,-4.437,0.076,0.076,0.554,0.450
11477010454900000,4.671,9.729,1.669,-4.507,4.678,9.786,1.770,-4.552,0.076,0.076,0.553,0.450
11477010454950000,4.754,9.504,1.653,-4.512,4.718,9.599,1.628,-4.452,0.076,0.076,0.552,0.449
11477010455000000,4.837,9.278,1.639,-4.516,4.755,9.439,1.506,-4.269,0.076,0.076,0.551,0.448
11477010455050000,4.918,9.052,1.626,-4.519,4.783,9.193,1.396,-4.316,0.076,0.077,0.550,0.447
11477010455100000,4.999,8.826,1.615,-4.523,4.879,8.942,1.455,-4.437,0.076,0.077,0.549,0.446
11477010455150000,5.080,8.600,1.605,-4.525,4.999,8.680,1.591,-4.538,0.076,0.077,0.548,0.445
11477010455200000,5.160,8.374,1.597,-4.528,5.125,8.448,1.787,-4.457,0.076,0.077,0.547,0.445
11477010455250000,5.240,8.147,1.591,-4.529,5.222,8.186,1.827,-4.544,0.076,0.077,0.546,0.444
11477010455300000,5.319,7.921,1.586,-4.531,5.346,7.938,1.945,-4.569,0.076,0.077,0.545,0.443
11477010455350000,5.398,7.694,1.583,-4.532,5.412,7.709,1.870,-4.556,0.076,0.077,0.545,0.442
11477010455400000,5.477,7.468,1.581,-4.532,5.536,7.462,1.965,-4.601,0.076,0.076,0.544,0.441
11477010455450000,5.557,7.241,1.581,-4.532,5.554,7.246,1.767,-4.533,0.076,0.076,0.543,0.440
11477010455500000,5.636,7.014,1.583,-4.532,5.653,7.039,1.910,-4.340,0.076,0.076,0.542,0.439
11477010455550000,5.715,6.788,1.586,-4.531,5.781,6.804,1.997,-4.397,0.076,0.076,0.542,0.439
11477010455600000,5.794,6.561,1.591,-4.530,5.820,6.587,1.713,-4.522,0.075,0.076,0.541,0.438
11477010455650000,5.874,6.335,1.597,-4.528,5.852,6.373,1.579,-4.467,0.075,0.076,0.540,0.437
11477010455700000,5.954,6.108,1.605,-4.526,5.927,6.112,1.568,-4.575,0.075,0.076,0.539,0.436
11477010455750000,6.035,5.882,1.615,-4.523,5.986,5.901,1.514,-4.524,0.075,0.075,0.538,0.435
11477010455800000,6.116,5.656,1.626,-4.520,6.034,5.661,1.334,-4.656,0.075,0.075,0.537,0.434
11477010455850000,6.197,5.430,1.639,-4.517,6.078,5.456,1.266,-4.577,0.075,0.075,0.536,0.434
11477010455900000,6.280,5.205,1.654,-4.513,6.156,5.222,1.342,-4.565,0.076,0.075,0.536,0.433
11477010455950000,6.363,4.979,1.670,-4.508,6.250,4.970,1.415,-4.638,0.076,0.075,0.535,0.432
11477010456000000,6.446,4.754,1.687,-4.503,6.300,4.788,1.310,-4.528,0.076,0.075,0.534,0.431
11477010456050000,6.531,4.529,1.706,-4.498,6.458,4.464,1.565,-4.816,0.076,0.075,0.534,0.431
11477010456100000,6.617,4.304,1.727,-4.492,6.555,4.223,1.733,-4.749,0.076,0.075,0.533,0.430
11477010456150000,6.704,4.080,1.749,-4.485,6.685,3.938,1.848,-4.893,0.076,0.075,0.532,0.430
11477010456200000,6.792,3.856,1.773,-4.478,6.800,3.696,1.991,-4.847,0.076,0.076,0.531,0.430
11477010456250000,6.881,3.632,1.798,-4.470,6.819,3.535,1.792,-4.596,0.076,0.076,0.530,0.429
11477010456300000,6.972,3.409,1.825,-4.461,6.893,3.322,1.765,-4.538,0.076,0.076,0.529,0.428
11477010456350000,7.064,3.186,1.854,-4.452,6.997,3.177,1.758,-4.319,0.076,0.076,0.528,0.428
11477010456400000,7.157,2.964,1.883,-4.442,7.084,3.034,1.873,-4.049,0.076,0.076,0.527,0.428
11477010456450000,7.252,2.742,1.915,-4.431,7.192,2.817,1.907,-4.094,0.076,0.076,0.526,0.427
11477010456500000,7.349,2.521,1.947,-4.420,7.298,2.604,1.813,-4.156,0.076,0.076,0.525,0.427
11477010456550000,7.447,2.300,1.982,-4.407,7.380,2.389,1.799,-4.174,0.076,0.076,0.524,0.426
11477010456600000,7.547,2.080,2.017,-4.394,7.462,2.121,1.711,-4.359,0.076,0.076,0.523,0.425
11477010456650000,7.649,1.861,2.054,-4.380,7.562,1.858,1.748,-4.490,0.076,0.075,0.523,0.425
11477010456700000,7.752,1.642,2.093,-4.365,7.692,1.640,2.008,-4.442,0.076,0.075,0.522,0.424
11477010456750000,7.858,1.424,2.133,-4.350,7.844,1.280,2.129,-4.845,0.075,0.076,0.521,0.424
11477010456800000,7.965,1.207,2.174,-4.333,7.953,1.098,2.150,-4.667,0.075,0.076,0.520,0.424
11477010456850000,8.075,0.991,2.216,-4.315,8.006,0.875,2.052,-4.634,0.075,0.076,0.519,0.424
11477010456900000,8.187,0.776,2.260,-4.296,8.119,0.654,2.184,-4.596,0.075,0.076,0.518,0.423
11477010456950000,8.301,0.562,2.305,-4.276,8.244,0.467,2.208,-4.473,0.075,0.076,0.517,0.423
11477010457000000,8.418,0.349,2.351,-4.255,8.376,0.269,2.235,-4.398,0.075,0.076,0.516,0.422
11477010457050000,8.536,0.137,2.399,-4.232,8.481,0.132,2.220,-4.160,0.075,0.076,0.516,0.421
11477010457100000,8.657,-0.074,2.447,-4.209,8.664,-0.075,2.718,-4.162,0.075,0.076,0.515,0.421
11477010457150000,8.781,-0.284,2.497,-4.184,8.826,-0.235,2.764,-4.024,0.075,0.076,0.514,0.420
11477010457200000,8.907,-0.492,2.548,-4.158,8.970,-0.348,2.869,-3.768,0.075,0.076,0.514,0.420
11477010457250000,9.036,-0.700,2.600,-4.130,9.123,-0.560,2.886,-3.834,0.075,0.077,0.513,0.419
11477010457300000,9.167,-0.905,2.653,-4.101,9.271,-0.797,2.906,-3.964,0.075,0.077,0.512,0.419
11477010457350000,9.301,-1.110,2.707,-4.071,9.371,-1.104,2.813,-4.279,0.075,0.077,0.512,0.418
11477010457400000,9.438,-1.312,2.762,-4.039,9.529,-1.365,3.030,-4.450,0.075,0.077,0.511,0.418
11477010457450000,9.577,-1.513,2.817,-4.005,9.708,-1.582,3.081,-4.425,0.075,0.077,0.510,0.418
11477010457500000,9.719,-1.713,2.874,-3.970,9.833,-1.753,2.836,-4.265,0.075,0.076,0.509,0.418
11477010457550000,9.864,-1.910,2.931,-3.934,9.936,-1.922,2.772,-4.152,0.075,0.076,0.509,0.417
11477010457600000,10.012,-2.106,2.989,-3.895,10.105,-2.134,3.081,-4.216,0.075,0.076,0.508,0.417
11477010457650000,10.163,-2.299,3.048,-3.855,10.251,-2.334,3.068,-4.190,0.076,0.076,0.507,0.417
11477010457700000,10.317,-2.491,3.108,-3.814,10.360,-2.495,2.808,-4.031,0.075,0.076,0.506,0.416
11477010457750000,10.474,-2.681,3.167,-3.770,10.506,-2.753,2.810,-4.183,0.075,0.076,0.506,0.416
11477010457800000,10.634,-2.868,3.228,-3.725,10.637,-2.944,2.715,-4.112,0.075,0.076,0.506,0.416
11477010457850000,10.796,-3.053,3.289,-3.677,10.752,-3.112,2.684,-4.017,0.075,0.076,0.506,0.416
11477010457900000,10.962,-3.235,3.350,-3.628,10.947,-3.299,3.162,-4.063,0.075,0.076,0.506,0.416
11477010457950000,11.131,-3.415,3.411,-3.577,11.115,-3.467,3.187,-3.965,0.075,0.076,0.505,0.416
11477010458000000,11.303,-3.593,3.473,-3.524,11.291,-3.644,3.351,-3.940,0.075,0.076,0.504,0.416
11477010458050000,11.478,-3.768,3.535,-3.469,11.479,-3.853,3.388,-3.964,0.075,0.076,0.503,0.416
11477010458100000,11.656,-3.940,3.597,-3.412,11.656,-4.063,3.400,-3.992,0.075,0.076,0.503,0.417
11477010458150000,11.838,-4.109,3.659,-3.352,11.839,-4.250,3.429,-3.953,0.074,0.076,0.502,0.418
11477010458200000,12.022,-4.275,3.721,-3.291,12.037,-4.453,3.531,-3.974,0.074,0.077,0.501,0.419
11477010458250000,12.210,-4.437,3.783,-3.227,12.239,-4.575,3.599,-3.761,0.074,0.077,0.501,0.419
11477010458300000,12.400,-4.597,3.844,-3.162,12.444,-4.739,3.815,-3.746,0.074,0.077,0.500,0.420
11477010458350000,12.594,-4.753,3.905,-3.094,12.654,-4.819,3.876,-3.456,0.074,0.077,0.499,0.420
11477010458400000,12.791,-4.906,3.966,-3.024,12.848,-4.981,3.807,-3.402,0.074,0.077,0.498,0.420
11477010458450000,12.990,-5.056,4.026,-2.952,13.052,-5.146,3.837,-3.382,0.074,0.077,0.498,0.420
11477010458500000,13.193,-5.201,4.086,-2.877,13.218,-5.306,3.786,-3.371,0.074,0.078,0.497,0.420
11477010458550000,13.399,-5.343,4.145,-2.801,13.382,-5.494,3.732,-3.434,0.074,0.078,0.497,0.421
11477010458600000,13.607,-5.481,4.203,-2.722,13.628,-5.633,4.153,-3.426,0.074,0.078,0.496,0.422
11477010458650000,13.819,-5.615,4.261,-2.641,13.819,-5.767,4.129,-3.338,0.074,0.079,0.495,0.423
11477010458700000,14.033,-5.745,4.317,-2.557,14.053,-5.927,4.270,-3.341,0.073,0.079,0.495,0.425
11477010458750000,14.250,-5.871,4.372,-2.472,14.298,-6.039,4.343,-3.184,0.073,0.080,0.494,0.426
11477010458800000,14.470,-5.992,4.427,-2.384,14.516,-6.198,4.339,-3.182,0.073,0.080,0.493,0.428
11477010458850000,14.693,-6.109,4.479,-2.294,14.761,-6.250,4.419,-2.895,0.073,0.081,0.492,0.428
11477010458900000,14.918,-6.221,4.531,-2.201,14.978,-6.382,4.469,-2.888,0.073,0.081,0.491,0.429
11477010458950000,15.146,-6.329,4.581,-2.107,15.158,-6.438,4.405,-2.684,0.073,0.081,0.491,0.430
11477010459000000,15.376,-6.432,4.630,-2.010,15.390,-6.567,4.411,-2.659,0.073,0.081,0.490,0.431
11477010459050000,15.608,-6.530,4.677,-1.912,15.625,-6.653,4.451,-2.532,0.073,0.081,0.490,0.431
11477010459100000,15.843,-6.623,4.722,-1.811,15.869,-6.778,4.662,-2.592,0.073,0.082,0.489,0.433
11477010459150000,16.080,-6.711,4.765,-1.708,16.120,-6.924,4.694,-2.624,0.073,0.082,0.488,0.435
11477010459200000,16.319,-6.793,4.806,-1.603,16.303,-7.031,4.401,-2.501,0.073,0.083,0.488,0.437
11477010459250000,16.561,-6.871,4.846,-1.496,16.545,-7.125,4.452,-2.413,0.072,0.084,0.488,0.440
11477010459300000,16.804,-6.943,4.883,-1.387,16.757,-7.249,4.447,-2.434,0.072,0.086,0.487,0.443
11477010459350000,17.049,-7.009,4.918,-1.277,17.008,-7.276,4.529,-2.183,0.072,0.087,0.487,0.445
11477010459400000,17.295,-7.070,4.950,-1.164,17.218,-7.362,4.444,-2.108,0.072,0.088,0.487,0.447
11477010459450000,17.543,-7.126,4.980,-1.050,17.506,-7.285,4.615,-1.617,0.072,0.089,0.487,0.448
11477010459500000,17.793,-7.175,5.008,-0.934,17.787,-7.325,4.929,-1.555,0.072,0.089,0.486,0.448
11477010459550000,18.044,-7.219,5.033,-0.816,18.059,-7.301,4.998,-1.285,0.072,0.089,0.485,0.448
11477010459600000,18.296,-7.257,5.055,-0.697,18.283,-7.320,4.816,-1.127,0.072,0.089,0.485,0.448
11477010459650000,18.549,-7.289,5.075,-0.576,18.533,-7.335,4.843,-1.019,0.072,0.089,0.484,0.448
11477010459700000,18.803,-7.314,5.091,-0.454,18.814,-7.383,4.971,-1.017,0.072,0.089,0.484,0.449
11477010459750000,19.058,-7.334,5.105,-0.331,19.048,-7.390,4.952,-0.909,0.072,0.089,0.483,0.449
11477010459800000,19.313,-7.347,5.115,-0.206,19.271,-7.455,4.830,-0.935,0.072,0.089,0.483,0.450
11477010459850000,19.569,-7.355,5.123,-0.080,19.621,-7.363,5.079,-0.541,0.072,0.089,0.482,0.450
11477010459900000,19.826,-7.356,5.127,0.046,19.889,-7.385,5.141,-0.534,0.072,0.088,0.481,0.451
11477010459950000,20.082,-7.350,5.128,0.174,20.190,-7.341,5.241,-0.336,0.072,0.088,0.480,0.451
11477010460000000,20.338,-7.338,5.126,0.303,20.454,-7.374,5.342,-0.418,0.072,0.088,0.480,0.452
11477010460050000,20.594,-7.320,5.121,0.432,20.667,-7.402,5.236,-0.457,0.072,0.088,0.479,0.454
11477010460100000,20.850,-7.295,5.112,0.562,20.895,-7.406,4.949,-0.351,0.072,0.088,0.479,0.456
11477010460150000,21.105,-7.264,5.099,0.692,21.174,-7.290,5.036,0.003,0.072,0.088,0.478,0.457
11477010460200000,21.360,-7.226,5.083,0.823,21.432,-7.282,5.057,0.026,0.072,0.088,0.477,0.458
11477010460250000,21.613,-7.181,5.063,0.954,21.649,-7.374,4.969,-0.227,0.072,0.089,0.477,0.462
11477010460300000,21.866,-7.130,5.040,1.085,21.861,-7.361,4.564,-0.074,0.072,0.089,0.477,0.465
11477010460350000,22.117,-7.073,5.014,1.216,22.196,-7.139,4.806,0.541,0.072,0.089,0.476,0.466
11477010460400000,22.367,-7.009,4.983,1.347,22.385,-7.111,4.440,0.626,0.071,0.089,0.476,0.467
11477010460450000,22.615,-6.938,4.949,1.477,22.588,-6.983,4.425,0.868,0.071,0.089,0.476,0.467
11477010460500000,22.862,-6.861,4.911,1.608,22.835,-6.970,4.659,0.731,0.071,0.089,0.476,0.469
11477010460550000,23.106,-6.778,4.870,1.737,23.060,-6.968,4.636,0.638,0.071,0.090,0.475,0.472
11477010460600000,23.348,-6.688,4.824,1.866,23.247,-6.939,4.405,0.663,0.071,0.091,0.475,0.476
11477010460650000,23.588,-6.591,4.775,1.995,23.500,-6.809,4.489,0.922,0.071,0.091,0.475,0.478
11477010460700000,23.826,-6.488,4.723,2.122,23.750,-6.775,4.615,0.874,0.071,0.092,0.474,0.482
11477010460750000,24.060,-6.379,4.666,2.249,23.983,-6.621,4.642,1.159,0.071,0.093,0.474,0.485
11477010460800000,24.292,-6.263,4.606,2.374,24.188,-6.552,4.388,1.230,0.072,0.094,0.473,0.488
11477010460850000,24.521,-6.142,4.543,2.498,24.467,-6.337,4.524,1.644,0.072,0.095,0.472,0.490
11477010460900000,24.746,-6.014,4.475,2.620,24.712,-6.251,4.667,1.635,0.071,0.095,0.472,0.492
11477010460950000,24.968,-5.880,4.404,2.741,24.958,-6.092,4.703,1.839,0.071,0.096,0.471,0.493
11477010461000000,25.187,-5.740,4.330,2.860,25.157,-5.987,4.399,1.916,0.071,0.097,0.471,0.495
11477010461050000,25.401,-5.594,4.252,2.978,25.413,-5.793,4.480,2.180,0.071,0.097,0.470,0.496
11477010461100000,25.612,-5.442,4.171,3.093,25.584,-5.681,4.149,2.233,0.071,0.098,0.470,0.498
11477010461150000,25.818,-5.284,4.086,3.206,25.772,-5.373,4.145,2.745,0.071,0.098,0.469,0.497
11477010461200000,26.020,-5.121,3.998,3.317,25.958,-5.234,3.992,2.767,0.071,0.098,0.468,0.498
11477010461250000,26.218,-4.953,3.907,3.426,26.156,-5.119,3.987,2.705,0.071,0.098,0.468,0.498
11477010461300000,26.411,-4.779,3.812,3.532,26.341,-4.952,3.790,2.803,0.071,0.098,0.467,0.499
11477010461350000,26.599,-4.600,3.714,3.636,26.563,-4.654,3.861,3.224,0.071,0.098,0.467,0.499
11477010461400000,26.782,-4.415,3.614,3.737,26.766,-4.490,3.923,3.225,0.071,0.098,0.466,0.499
11477010461450000,26.960,-4.226,3.510,3.835,26.927,-4.356,3.856,3.150,0.071,0.098,0.466,0.500
11477010461500000,27.133,-4.032,3.404,3.930,27.124,-4.188,3.935,3.172,0.071,0.098,0.466,0.500
11477010461550000,27.301,-3.833,3.295,4.023,27.367,-3.948,4.027,3.391,0.071,0.099,0.467,0.501
11477010461600000,27.462,-3.630,3.183,4.112,27.515,-3.771,3.457,3.465,0.071,0.099,0.467,0.501
11477010461650000,27.619,-3.422,3.069,4.198,27.710,-3.554,3.502,3.583,0.071,0.099,0.466,0.502
11477010461700000,27.769,-3.210,2.952,4.280,27.854,-3.360,3.170,3.638,0.071,0.099,0.466,0.502
11477010461750000,27.914,-2.994,2.834,4.360,27.992,-3.078,3.140,3.903,0.071,0.099,0.466,0.502
11477010461800000,28.053,-2.774,2.712,4.436,28.123,-2.874,2.949,3.936,0.071,0.099,0.465,0.502
11477010461850000,28.185,-2.550,2.589,4.508,28.237,-2.600,2.893,4.140,0.071,0.099,0.465,0.502
11477010461900000,28.312,-2.323,2.464,4.577,28.334,-2.391,2.499,4.169,0.071,0.099,0.464,0.501
11477010461950000,28.432,-2.093,2.337,4.643,28.482,-2.181,2.539,4.172,0.071,0.099,0.464,0.501
11477010462000000,28.545,-1.859,2.209,4.704,28.610,-1.976,2.528,4.164,0.071,0.099,0.463,0.501
11477010462050000,28.653,-1.622,2.079,4.762,28.753,-1.734,2.559,4.254,0.071,0.099,0.463,0.501
11477010462100000,28.753,-1.383,1.947,4.816,28.846,-1.524,2.425,4.250,0.071,0.099,0.463,0.502
11477010462150000,28.847,-1.141,1.815,4.866,28.973,-1.201,2.441,4.542,0.071,0.099,0.464,0.501
11477010462200000,28.935,-0.896,1.681,4.913,29.042,-0.969,2.171,4.554,0.071,0.099,0.464,0.501
11477010462250000,29.015,-0.649,1.546,4.955,29.130,-0.700,2.135,4.665,0.071,0.099,0.464,0.501
11477010462300000,29.089,-0.401,1.410,4.994,29.169,-0.462,1.623,4.670,0.071,0.099,0.464,0.500
11477010462350000,29.156,-0.150,1.274,5.029,29.223,-0.284,1.576,4.524,0.071,0.099,0.464,0.500
11477010462400000,29.217,0.102,1.137,5.060,29.282,-0.043,1.258,4.550,0.071,0.099,0.463,0.500
11477010462450000,29.270,0.356,0.999,5.087,29.335,0.274,1.236,4.787,0.071,0.099,0.463,0.500
11477010462500000,29.317,0.611,0.862,5.110,29.372,0.521,1.078,4.804,0.071,0.099,0.462,0.499
11477010462550000,29.356,0.867,0.724,5.129,29.446,0.698,1.118,4.634,0.071,0.099,0.462,0.499
11477010462600000,29.389,1.124,0.586,5.144,29.458,0.943,0.753,4.648,0.071,0.099,0.461,0.499
11477010462650000,29.415,1.382,0.448,5.156,29.508,1.277,0.767,4.912,0.071,0.099,0.461,0.499
11477010462700000,29.434,1.640,0.310,5.163,29.537,1.529,0.560,4.916,0.071,0.099,0.461,0.498
11477010462750000,29.446,1.898,0.173,5.167,29.542,1.812,0.516,5.018,0.071,0.099,0.460,0.498
11477010462800000,29.451,2.156,0.036,5.167,29.526,2.053,0.120,4.979,0.071,0.099,0.460,0.497
11477010462850000,29.450,2.415,-0.100,5.164,29.512,2.435,0.077,5.334,0.071,0.099,0.459,0.497
11477010462900000,29.441,2.673,-0.235,5.156,29.485,2.691,-0.186,5.290,0.071,0.099,0.459,0.496
11477010462950000,29.426,2.930,-0.370,5.146,29.515,3.051,-0.120,5.536,0.071,0.099,0.458,0.496
11477010463000000,29.404,3.187,-0.503,5.131,29.470,3.325,-0.304,5.518,0.071,0.099,0.458,0.496
11477010463050000,29.376,3.444,-0.636,5.113,29.478,3.507,-0.251,5.267,0.071,0.099,0.458,0.495
11477010463100000,29.341,3.699,-0.767,5.092,29.420,3.765,-0.535,5.229,0.071,0.099,0.457,0.495
11477010463150000,29.299,3.953,-0.897,5.067,29.374,3.902,-0.554,4.907,0.071,0.099,0.457,0.494
11477010463200000,29.251,4.206,-1.026,5.039,29.348,4.149,-0.645,4.895,0.072,0.099,0.457,0.493
11477010463250000,29.196,4.457,-1.153,5.008,29.275,4.362,-0.717,4.821,0.072,0.099,0.457,0.493
11477010463300000,29.136,4.707,-1.278,4.973,29.194,4.597,-1.007,4.773,0.072,0.099,0.457,0.492
11477010463350000,29.069,4.954,-1.402,4.936,29.110,4.917,-1.080,4.993,0.071,0.099,0.456,0.492
11477010463400000,28.995,5.200,-1.524,4.896,29.035,5.163,-1.175,4.978,0.071,0.099,0.456,0.491
11477010463450000,28.916,5.444,-1.644,4.853,29.017,5.389,-1.096,4.908,0.072,0.099,0.456,0.491
11477010463500000,28.831,5.686,-1.762,4.807,28.902,5.641,-1.501,4.850,0.072,0.099,0.456,0.490
11477010463550000,28.740,5.925,-1.878,4.758,28.814,5.915,-1.532,4.934,0.072,0.098,0.456,0.490
11477010463600000,28.643,6.162,-1.992,4.707,28.677,6.164,-1.919,4.881,0.071,0.098,0.455,0.489
11477010463650000,28.541,6.396,-2.104,4.654,28.579,6.388,-1.918,4.830,0.071,0.098,0.455,0.488
11477010463700000,28.433,6.627,-2.214,4.598,28.498,6.645,-2.049,4.826,0.071,0.098,0.454,0.488
11477010463750000,28.319,6.856,-2.321,4.540,28.419,6.811,-1.988,4.624,0.071,0.098,0.454,0.487
11477010463800000,28.201,7.081,-2.426,4.479,28.292,7.026,-2.138,4.567,0.072,0.098,0.454,0.487
11477010463850000,28.076,7.304,-2.529,4.417,28.155,7.395,-2.219,4.938,0.072,0.098,0.453,0.487
11477010463900000,27.948,7.523,-2.629,4.353,28.005,7.638,-2.522,4.860,0.071,0.098,0.453,0.487
11477010463950000,27.813,7.739,-2.727,4.287,27.890,7.835,-2.490,4.740,0.072,0.098,0.452,0.487
11477010464000000,27.675,7.952,-2.823,4.219,27.722,8.061,-2.777,4.659,0.071,0.098,0.452,0.487
11477010464050000,27.531,8.161,-2.916,4.149,27.566,8.269,-2.802,4.599,0.071,0.098,0.451,0.487
11477010464100000,27.383,8.367,-3.006,4.078,27.376,8.468,-3.248,4.440,0.071,0.098,0.451,0.487
11477010464150000,27.230,8.569,-3.094,4.006,27.244,8.600,-3.173,4.200,0.071,0.098,0.451,0.486
11477010464200000,27.074,8.768,-3.179,3.933,27.063,8.813,-3.393,4.144,0.071,0.098,0.450,0.486
11477010464250000,26.913,8.963,-3.262,3.858,26.816,9.148,-3.575,4.492,0.071,0.098,0.450,0.486
11477010464300000,26.747,9.154,-3.342,3.782,26.614,9.353,-3.631,4.442,0.071,0.098,0.450,0.486
11477010464350000,26.578,9.341,-3.420,3.705,26.447,9.437,-3.567,4.087,0.072,0.098,0.449,0.486
11477010464400000,26.405,9.525,-3.495,3.628,26.278,9.651,-3.536,4.115,0.072,0.099,0.449,0.486
11477010464450000,26.229,9.704,-3.568,3.549,26.107,9.867,-3.528,4.139,0.072,0.099,0.448,0.486
11477010464500000,26.048,9.880,-3.638,3.470,25.916,10.082,-3.551,4.168,0.072,0.099,0.448,0.487
11477010464550000,25.865,10.051,-3.705,3.391,25.794,10.138,-3.396,3.769,0.072,0.099,0.447,0.487
11477010464600000,25.678,10.219,-3.770,3.311,25.581,10.313,-3.799,3.611,0.072,0.099,0.447,0.487
11477010464650000,25.487,10.383,-3.833,3.230,25.432,10.347,-3.675,3.232,0.072,0.099,0.446,0.486
11477010464700000,25.294,10.542,-3.893,3.150,25.221,10.524,-3.822,3.236,0.072,0.099,0.446,0.485
11477010464750000,25.098,10.698,-3.950,3.069,25.004,10.693,-3.875,3.264,0.072,0.099,0.445,0.485
11477010464800000,24.899,10.849,-4.006,2.988,24.791,10.852,-3.922,3.256,0.072,0.099,0.445,0.485
11477010464850000,24.697,10.997,-4.059,2.907,24.608,10.968,-3.882,3.134,0.072,0.099,0.444,0.484
11477010464900000,24.493,11.140,-4.109,2.826,24.395,11.142,-4.108,3.082,0.072,0.098,0.444,0.484
11477010464950000,24.286,11.280,-4.157,2.746,24.211,11.294,-4.065,3.070,0.072,0.098,0.443,0.483
11477010465000000,24.077,11.415,-4.204,2.666,23.986,11.421,-4.329,2.915,0.073,0.098,0.443,0.483
11477010465050000,23.866,11.546,-4.247,2.586,23.804,11.439,-4.223,2.585,0.072,0.098,0.442,0.482
11477010465100000,23.652,11.674,-4.289,2.506,23.595,11.565,-4.230,2.570,0.072,0.098,0.442,0.482
11477010465150000,23.437,11.797,-4.329,2.427,23.369,11.720,-4.266,2.641,0.072,0.098,0.441,0.482
11477010465200000,23.219,11.916,-4.366,2.348,23.136,11.850,-4.408,2.585,0.072,0.098,0.441,0.481
11477010465250000,23.000,12.032,-4.402,2.270,22.894,12.001,-4.458,2.647,0.073,0.098,0.440,0.481
11477010465300000,22.779,12.144,-4.435,2.193,22.668,12.138,-4.523,2.628,0.073,0.098,0.440,0.481
11477010465350000,22.556,12.251,-4.467,2.116,22.459,12.224,-4.472,2.510,0.073,0.098,0.439,0.481
11477010465400000,22.332,12.355,-4.497,2.041,22.247,12.344,-4.382,2.527,0.073,0.098,0.439,0.481
11477010465450000,22.106,12.455,-4.525,1.966,21.986,12.462,-4.464,2.523,0.073,0.098,0.439,0.481
11477010465500000,21.879,12.552,-4.551,1.892,21.746,12.577,-4.701,2.377,0.073,0.098,0.438,0.481
11477010465550000,21.651,12.645,-4.576,1.819,21.530,12.633,-4.639,2.218,0.073,0.097,0.438,0.481
11477010465600000,21.421,12.734,-4.599,1.747,21.304,12.729,-4.623,2.178,0.073,0.097,0.437,0.481
11477010465650000,21.191,12.820,-4.620,1.676,21.083,12.926,-4.633,2.388,0.073,0.097,0.437,0.481
11477010465700000,20.959,12.902,-4.640,1.606,20.821,13.034,-4.921,2.213,0.074,0.097,0.436,0.481
11477010465750000,20.727,12.980,-4.659,1.538,20.658,13.045,-4.709,1.939,0.074,0.097,0.436,0.481
11477010465800000,20.493,13.056,-4.676,1.471,20.397,13.100,-5.054,1.676,0.074,0.097,0.436,0.481
11477010465850000,20.259,13.128,-4.691,1.404,20.161,13.190,-5.021,1.684,0.074,0.097,0.436,0.481
11477010465900000,20.024,13.196,-4.706,1.339,19.899,13.287,-4.963,1.785,0.074,0.097,0.435,0.480
11477010465950000,19.788,13.262,-4.719,1.276,19.740,13.247,-4.726,1.444,0.074,0.097,0.435,0.480
11477010466000000,19.552,13.324,-4.731,1.214,19.486,13.343,-4.801,1.484,0.074,0.097,0.434,0.480
11477010466050000,19.315,13.383,-4.742,1.153,19.184,13.448,-4.947,1.582,0.074,0.097,0.434,0.480
11477010466100000,19.077,13.439,-4.752,1.093,18.928,13.497,-5.047,1.456,0.074,0.097,0.434,0.479
11477010466150000,18.840,13.493,-4.761,1.035,18.728,13.480,-4.901,1.222,0.074,0.097,0.433,0.479
11477010466200000,18.601,13.543,-4.769,0.979,18.456,13.533,-5.037,1.149,0.075,0.097,0.433,0.478
11477010466250000,18.362,13.590,-4.776,0.924,18.255,13.616,-4.938,1.186,0.075,0.097,0.433,0.478
11477010466300000,18.123,13.635,-4.783,0.870,17.996,13.704,-4.917,1.311,0.075,0.097,0.432,0.478
11477010466350000,17.884,13.677,-4.788,0.818,17.801,13.740,-4.794,1.222,0.075,0.096,0.432,0.478
11477010466400000,17.644,13.717,-4.793,0.767,17.547,13.788,-5.025,1.038,0.075,0.096,0.431,0.478
11477010466450000,17.404,13.754,-4.797,0.718,17.310,13.804,-4.979,0.950,0.075,0.096,0.431,0.477
11477010466500000,17.164,13.789,-4.801,0.671,17.056,13.860,-5.063,0.910,0.075,0.096,0.431,0.477
11477010466550000,16.924,13.821,-4.804,0.625,16.834,13.903,-4.995,0.891,0.075,0.096,0.430,0.476
11477010466600000,16.684,13.852,-4.806,0.580,16.596,13.911,-4.978,0.780,0.075,0.096,0.430,0.476
11477010466650000,16.443,13.880,-4.808,0.538,16.437,13.863,-4.754,0.538,0.075,0.096,0.430,0.475
11477010466700000,16.203,13.905,-4.810,0.496,16.209,13.893,-4.679,0.590,0.075,0.096,0.429,0.475
11477010466750000,15.962,13.929,-4.811,0.457,16.023,13.883,-4.559,0.477,0.075,0.096,0.429,0.475
11477010466800000,15.722,13.951,-4.812,0.419,15.803,13.884,-4.547,0.405,0.075,0.096,0.429,0.474
11477010466850000,15.481,13.971,-4.812,0.383,15.542,13.939,-4.636,0.500,0.075,0.096,0.428,0.474
11477010466900000,15.240,13.990,-4.812,0.348,15.308,13.958,-4.750,0.382,0.075,0.096,0.428,0.473
11477010466950000,15.000,14.006,-4.812,0.315,15.094,13.995,-4.705,0.413,0.075,0.096,0.427,0.473
11477010467000000,14.759,14.021,-4.812,0.283,14.883,13.985,-4.760,0.229,0.075,0.096,0.427,0.472
11477010467050000,14.518,14.034,-4.811,0.254,14.590,14.015,-4.888,0.297,0.075,0.095,0.427,0.472
11477010467100000,14.278,14.046,-4.811,0.225,14.332,14.015,-4.946,0.236,0.075,0.095,0.426,0.471
11477010467150000,14.037,14.057,-4.810,0.199,14.005,14.066,-5.140,0.358,0.075,0.095,0.426,0.471
11477010467200000,13.797,14.066,-4.809,0.174,13.718,14.078,-5.157,0.418,0.075,0.095,0.426,0.470
11477010467250000,13.556,14.075,-4.808,0.151,13.486,14.079,-5.090,0.364,0.075,0.095,0.426,0.470
11477010467300000,13.316,14.082,-4.807,0.129,13.231,14.086,-5.065,0.362,0.075,0.095,0.425,0.470
11477010467350000,13.075,14.087,-4.806,0.109,13.036,14.043,-4.904,0.202,0.075,0.095,0.425,0.469
11477010467400000,12.835,14.092,-4.805,0.091,12.800,14.033,-4.850,0.178,0.075,0.095,0.424,0.469
11477010467450000,12.595,14.097,-4.805,0.075,12.595,14.005,-4.751,0.082,0.075,0.095,0.424,0.468
11477010467500000,12.355,14.100,-4.804,0.060,12.373,14.016,-4.675,0.136,0.075,0.095,0.424,0.468
11477010467550000,12.114,14.103,-4.803,0.046,12.165,14.070,-4.636,0.225,0.075,0.095,0.423,0.467
11477010467600000,11.874,14.105,-4.802,0.035,11.919,14.101,-4.680,0.273,0.075,0.095,0.423,0.467
11477010467650000,11.634,14.106,-4.802,0.025,11.656,14.078,-4.734,0.211,0.075,0.095,0.422,0.467
11477010467700000,11.394,14.107,-4.801,0.017,11.422,14.123,-4.716,0.317,0.074,0.094,0.422,0.466
11477010467750000,11.154,14.108,-4.801,0.010,11.130,14.175,-4.863,0.416,0.074,0.094,0.422,0.466
11477010467800000,10.914,14.108,-4.800,0.005,10.879,14.166,-5.015,0.172,0.074,0.094,0.421,0.466
11477010467850000,10.674,14.108,-4.800,0.002,10.593,14.164,-5.094,0.165,0.074,0.094,0.421,0.465
