time,gt_x,gt_y,gt_vx,gt_vy,est_x,est_y,est_vx,est_vy,rmse_x,rmse_y,rmse_vx,rmse_vy
1477010443000000,0.600,0.600,5.200,0.000,0.000,0.000,0.000,0.000,0.600,0.600,5.200,0.000
1477010443050000,0.860,0.600,5.200,0.002,0.863,0.534,4.160,2.575,0.424,0.427,3.750,1.820
1477010443100000,1.120,0.600,5.199,0.005,0.863,0.534,4.160,2.575,0.377,0.351,3.120,2.100
1477010443150000,1.380,0.601,5.199,0.011,0.981,0.483,4.397,0.975,0.383,0.309,2.731,1.881
1477010443200000,1.640,0.601,5.198,0.018,0.981,0.483,4.397,0.975,0.452,0.282,2.469,1.736
1477010443250000,1.900,0.602,5.198,0.027,1.578,0.443,5.470,-0.691,0.433,0.265,2.257,1.612
1477010443300000,2.160,0.604,5.197,0.038,1.578,0.443,5.470,-0.691,0.457,0.253,2.092,1.518
1477010443350000,2.420,0.606,5.196,0.050,2.031,0.510,5.093,0.110,0.449,0.239,1.957,1.420
1477010443400000,2.679,0.609,5.195,0.065,2.031,0.510,5.093,0.110,0.475,0.228,1.846,1.339
1477010443450000,2.939,0.613,5.193,0.081,2.641,0.555,5.201,0.127,0.461,0.217,1.751,1.270
1477010443500000,3.199,0.617,5.191,0.099,2.641,0.555,5.201,0.127,0.470,0.208,1.669,1.211
1477010443550000,3.458,0.623,5.190,0.118,3.252,0.516,5.272,-0.094,0.454,0.201,1.598,1.161
1477010443600000,3.718,0.629,5.188,0.140,3.252,0.516,5.272,-0.094,0.455,0.196,1.536,1.117
1477010443650000,3.977,0.637,5.185,0.163,3.859,0.554,5.391,-0.010,0.440,0.190,1.481,1.078
1477010443700000,4.236,0.645,5.183,0.188,3.859,0.554,5.391,-0.010,0.436,0.185,1.432,1.042
1477010443750000,4.495,0.655,5.180,0.214,4.416,0.585,5.284,0.030,0.422,0.180,1.387,1.010
1477010443800000,4.754,0.667,5.176,0.243,4.416,0.585,5.284,0.030,0.418,0.176,1.346,0.982
1477010443850000,5.013,0.680,5.173,0.273,4.957,0.600,5.088,0.019,0.406,0.172,1.308,0.956
1477010443900000,5.272,0.694,5.169,0.304,4.957,0.600,5.088,0.019,0.402,0.169,1.273,0.933
1477010443950000,5.530,0.710,5.164,0.338,5.453,0.620,5.249,0.080,0.392,0.166,1.241,0.911
1477010444000000,5.788,0.728,5.159,0.373,5.453,0.620,5.249,0.080,0.390,0.163,1.211,0.891
1477010444050000,6.046,0.748,5.154,0.410,5.951,0.578,5.078,-0.014,0.381,0.164,1.183,0.875
1477010444100000,6.304,0.769,5.148,0.448,5.951,0.578,5.078,-0.014,0.380,0.165,1.158,0.862
1477010444150000,6.561,0.793,5.142,0.488,6.471,0.628,5.055,0.069,0.373,0.165,1.133,0.848
1477010444200000,6.818,0.818,5.135,0.530,6.471,0.628,5.055,0.069,0.372,0.166,1.110,0.836
1477010444250000,7.075,0.846,5.127,0.573,6.989,0.626,4.882,0.042,0.365,0.168,1.090,0.826
1477010444300000,7.331,0.875,5.119,0.618,6.989,0.626,4.882,0.042,0.364,0.172,1.071,0.818
1477010444350000,7.587,0.907,5.109,0.665,7.576,0.661,5.209,0.113,0.357,0.175,1.051,0.810
1477010444400000,7.842,0.942,5.100,0.712,7.576,0.661,5.209,0.113,0.355,0.180,1.033,0.804
1477010444450000,8.097,0.979,5.089,0.762,8.100,0.704,5.002,0.141,0.349,0.184,1.016,0.798
1477010444500000,8.351,1.018,5.078,0.813,8.100,0.704,5.002,0.141,0.346,0.189,1.000,0.795
1477010444550000,8.605,1.060,5.065,0.865,8.610,0.877,5.250,0.432,0.341,0.189,0.984,0.786
1477010444600000,8.858,1.105,5.052,0.919,8.610,0.877,5.250,0.432,0.338,0.191,0.970,0.779
1477010444650000,9.110,1.152,5.038,0.974,9.207,0.949,5.280,0.466,0.333,0.191,0.957,0.772
1477010444700000,9.362,1.202,5.023,1.031,9.207,0.949,5.280,0.466,0.330,0.193,0.944,0.767
1477010444750000,9.613,1.255,5.007,1.089,9.766,1.093,5.293,0.601,0.326,0.192,0.932,0.760
1477010444800000,9.863,1.311,4.989,1.148,9.766,1.093,5.293,0.601,0.322,0.193,0.921,0.755
1477010444850000,10.112,1.370,4.971,1.208,10.281,1.247,5.039,0.687,0.319,0.191,0.908,0.750
1477010444900000,10.360,1.432,4.951,1.270,10.281,1.247,5.039,0.687,0.315,0.191,0.897,0.746
1477010444950000,10.607,1.497,4.930,1.333,10.760,1.380,4.782,0.737,0.312,0.190,0.886,0.743
1477010445000000,10.853,1.565,4.908,1.397,10.760,1.380,4.782,0.737,0.309,0.190,0.875,0.741
1477010445050000,11.098,1.637,4.884,1.462,11.282,1.440,4.950,0.727,0.306,0.190,0.865,0.741
1477010445100000,11.342,1.712,4.859,1.528,11.282,1.440,4.950,0.727,0.303,0.192,0.855,0.742
1477010445150000,11.584,1.790,4.833,1.596,11.740,1.521,4.864,0.734,0.300,0.194,0.845,0.745
1477010445200000,11.825,1.871,4.805,1.664,11.740,1.521,4.864,0.734,0.297,0.199,0.836,0.750
1477010445250000,12.065,1.956,4.776,1.733,12.232,1.703,5.017,0.902,0.295,0.200,0.827,0.752
1477010445300000,12.303,2.045,4.745,1.803,12.232,1.703,5.017,0.902,0.292,0.204,0.819,0.755
1477010445350000,12.539,2.137,4.713,1.873,12.730,1.792,5.115,0.914,0.290,0.208,0.813,0.760
1477010445400000,12.774,2.232,4.678,1.945,12.730,1.792,5.115,0.914,0.287,0.216,0.807,0.767
1477010445450000,13.007,2.331,4.643,2.017,13.245,2.027,5.214,1.111,0.286,0.218,0.803,0.770
1477010445500000,13.239,2.434,4.605,2.090,13.245,2.027,5.214,1.111,0.284,0.223,0.800,0.774
1477010445550000,13.468,2.540,4.566,2.163,13.628,2.183,4.758,1.075,0.282,0.226,0.792,0.781
1477010445600000,13.696,2.651,4.524,2.237,13.628,2.183,4.758,1.075,0.279,0.233,0.785,0.790
1477010445650000,13.921,2.764,4.481,2.311,14.070,2.358,4.698,1.154,0.277,0.237,0.779,0.799
1477010445700000,14.144,2.882,4.437,2.386,14.070,2.358,4.698,1.154,0.275,0.246,0.772,0.809
1477010445750000,14.365,3.003,4.390,2.461,14.562,2.536,4.889,1.254,0.274,0.251,0.768,0.817
1477010445800000,14.583,3.128,4.341,2.536,14.562,2.536,4.889,1.254,0.271,0.261,0.765,0.828
1477010445850000,14.799,3.257,4.290,2.612,15.011,2.859,4.889,1.494,0.270,0.264,0.762,0.834
1477010445900000,15.012,3.389,4.237,2.687,15.011,2.859,4.889,1.494,0.268,0.271,0.761,0.841
1477010445950000,15.223,3.526,4.183,2.762,15.450,3.174,4.652,1.614,0.268,0.272,0.757,0.847
1477010446000000,15.431,3.666,4.126,2.838,15.450,3.174,4.652,1.614,0.265,0.277,0.754,0.855
1477010446050000,15.636,3.810,4.067,2.913,15.889,3.351,4.587,1.630,0.265,0.281,0.750,0.863
1477010446100000,15.837,3.957,4.006,2.988,15.889,3.351,4.587,1.630,0.263,0.289,0.748,0.873
1477010446150000,16.036,4.109,3.943,3.063,16.314,3.611,4.373,1.676,0.263,0.294,0.744,0.884
1477010446200000,16.232,4.264,3.877,3.137,16.314,3.611,4.373,1.676,0.262,0.302,0.741,0.895
1477010446250000,16.424,4.422,3.810,3.211,16.747,3.894,4.398,1.801,0.263,0.307,0.739,0.905
1477010446300000,16.613,4.585,3.740,3.284,16.747,3.894,4.398,1.801,0.261,0.316,0.738,0.917
1477010446350000,16.798,4.751,3.668,3.357,17.111,4.185,3.997,1.794,0.262,0.321,0.733,0.929
1477010446400000,16.980,4.921,3.594,3.429,17.111,4.185,3.997,1.794,0.261,0.331,0.730,0.943
1477010446450000,17.158,5.094,3.518,3.500,17.486,4.404,3.940,1.829,0.262,0.339,0.726,0.958
1477010446500000,17.332,5.271,3.440,3.570,17.486,4.404,3.940,1.829,0.260,0.352,0.723,0.973
1477010446550000,17.502,5.451,3.359,3.639,17.844,4.607,3.819,1.831,0.262,0.363,0.720,0.990
1477010446600000,17.668,5.635,3.276,3.708,17.844,4.607,3.819,1.831,0.261,0.380,0.718,1.007
1477010446650000,17.830,5.822,3.192,3.775,18.168,4.961,3.637,1.940,0.262,0.391,0.715,1.023
1477010446700000,17.987,6.013,3.105,3.840,18.168,4.961,3.637,1.940,0.261,0.407,0.713,1.039
1477010446750000,18.140,6.206,3.015,3.905,18.473,5.409,3.586,2.190,0.262,0.414,0.711,1.051
1477010446800000,18.289,6.403,2.924,3.968,18.473,5.409,3.586,2.190,0.261,0.427,0.711,1.064
1477010446850000,18.433,6.603,2.831,4.029,18.765,5.821,3.436,2.336,0.262,0.433,0.710,1.074
1477010446900000,18.572,6.806,2.736,4.089,18.765,5.821,3.436,2.336,0.262,0.445,0.710,1.085
1477010446950000,18.706,7.012,2.638,4.147,19.069,6.237,3.441,2.525,0.263,0.450,0.711,1.094
1477010447000000,18.836,7.221,2.539,4.203,19.069,6.237,3.441,2.525,0.263,0.461,0.713,1.103
1477010447050000,18.960,7.433,2.438,4.257,19.312,6.535,3.122,2.497,0.264,0.468,0.713,1.113
1477010447100000,19.080,7.647,2.335,4.310,19.312,6.535,3.122,2.497,0.264,0.481,0.714,1.124
1477010447150000,19.194,7.864,2.229,4.360,19.583,6.909,3.086,2.615,0.265,0.490,0.716,1.133
1477010447200000,19.303,8.083,2.123,4.408,19.583,6.909,3.086,2.615,0.266,0.503,0.719,1.143
1477010447250000,19.406,8.305,2.014,4.454,19.819,7.247,3.009,2.710,0.268,0.513,0.723,1.152
1477010447300000,19.504,8.529,1.904,4.498,19.819,7.247,3.009,2.710,0.268,0.528,0.729,1.162
1477010447350000,19.597,8.755,1.792,4.540,20.048,7.615,2.786,2.733,0.271,0.539,0.732,1.171
1477010447400000,19.683,8.983,1.678,4.578,20.048,7.615,2.786,2.733,0.272,0.555,0.737,1.181
1477010447450000,19.765,9.213,1.563,4.615,20.228,8.071,2.550,2.814,0.275,0.565,0.741,1.189
1477010447500000,19.840,9.445,1.447,4.649,20.228,8.071,2.550,2.814,0.277,0.580,0.746,1.198
1477010447550000,19.909,9.678,1.329,4.680,20.379,8.480,2.273,2.837,0.280,0.591,0.748,1.207
1477010447600000,19.973,9.913,1.210,4.708,20.379,8.480,2.273,2.837,0.281,0.606,0.752,1.216
1477010447650000,20.030,10.149,1.090,4.734,20.449,9.141,2.158,3.218,0.283,0.612,0.756,1.220
1477010447700000,20.082,10.386,0.968,4.757,20.449,9.141,2.158,3.218,0.284,0.622,0.762,1.224
1477010447750000,20.127,10.625,0.846,4.777,20.546,9.578,1.836,3.228,0.286,0.627,0.765,1.227
1477010447800000,20.166,10.864,0.722,4.793,20.546,9.578,1.836,3.228,0.287,0.638,0.769,1.231
1477010447850000,20.199,11.104,0.598,4.807,20.576,10.215,1.664,3.488,0.288,0.641,0.773,1.232
1477010447900000,20.226,11.345,0.473,4.818,20.576,10.215,1.664,3.488,0.289,0.648,0.778,1.233
1477010447950000,20.247,11.586,0.347,4.826,20.595,10.614,1.164,3.317,0.289,0.652,0.779,1.236
1477010448000000,20.261,11.828,0.220,4.830,20.595,10.614,1.164,3.317,0.290,0.660,0.780,1.239
1477010448050000,20.269,12.069,0.093,4.832,20.667,11.053,1.277,3.521,0.291,0.664,0.785,1.240
1477010448100000,20.270,12.311,-0.034,4.830,20.667,11.053,1.277,3.521,0.292,0.672,0.792,1.241
1477010448150000,20.265,12.552,-0.162,4.825,20.668,11.501,0.847,3.403,0.294,0.677,0.794,1.243
1477010448200000,20.254,12.793,-0.289,4.816,20.668,11.501,0.847,3.403,0.295,0.685,0.798,1.244
1477010448250000,20.236,13.034,-0.417,4.804,20.735,11.910,0.736,3.379,0.297,0.691,0.803,1.246
1477010448300000,20.212,13.274,-0.545,4.789,20.735,11.910,0.736,3.379,0.300,0.700,0.808,1.248
1477010448350000,20.182,13.513,-0.673,4.771,20.708,12.371,0.570,3.430,0.303,0.705,0.813,1.249
1477010448400000,20.145,13.751,-0.801,4.749,20.708,12.371,0.570,3.430,0.307,0.715,0.820,1.249
1477010448450000,20.102,13.988,-0.928,4.724,20.678,12.811,0.304,3.367,0.310,0.720,0.825,1.250
1477010448500000,20.052,14.223,-1.055,4.695,20.678,12.811,0.304,3.367,0.314,0.729,0.831,1.251
1477010448550000,19.996,14.457,-1.181,4.663,20.603,13.252,0.094,3.364,0.318,0.735,0.836,1.252
1477010448600000,19.934,14.690,-1.307,4.628,20.603,13.252,0.094,3.364,0.323,0.744,0.843,1.252
1477010448650000,19.865,14.920,-1.432,4.589,20.556,13.622,-0.039,3.348,0.328,0.751,0.849,1.252
1477010448700000,19.791,15.149,-1.556,4.548,20.556,13.622,-0.039,3.348,0.334,0.761,0.857,1.251
1477010448750000,19.710,15.375,-1.679,4.502,20.395,14.112,-0.611,3.021,0.339,0.767,0.859,1.253
1477010448800000,19.623,15.599,-1.801,4.454,20.395,14.112,-0.611,3.021,0.345,0.776,0.863,1.255
1477010448850000,19.530,15.820,-1.922,4.402,20.269,14.511,-0.705,3.064,0.350,0.782,0.866,1.256
1477010448900000,19.431,16.039,-2.041,4.347,20.269,14.511,-0.705,3.064,0.357,0.791,0.871,1.256
1477010448950000,19.326,16.255,-2.159,4.289,20.092,14.950,-0.816,3.168,0.362,0.797,0.876,1.255
1477010449000000,19.215,16.468,-2.276,4.227,20.092,14.950,-0.816,3.168,0.370,0.805,0.883,1.253
1477010449050000,19.098,16.678,-2.391,4.163,19.887,15.407,-1.097,3.096,0.375,0.810,0.887,1.252
1477010449100000,18.976,16.884,-2.504,4.095,19.887,15.407,-1.097,3.096,0.382,0.818,0.892,1.250
1477010449150000,18.848,17.087,-2.616,4.025,19.522,16.037,-1.619,2.893,0.386,0.820,0.893,1.249
1477010449200000,18.714,17.287,-2.725,3.951,19.522,16.037,-1.619,2.893,0.391,0.824,0.895,1.248
1477010449250000,18.575,17.482,-2.833,3.875,19.310,16.442,-1.527,3.118,0.395,0.826,0.899,1.245
1477010449300000,18.431,17.674,-2.939,3.796,19.310,16.442,-1.527,3.118,0.401,0.830,0.904,1.241
1477010449350000,18.281,17.862,-3.042,3.714,19.079,16.803,-1.673,3.092,0.405,0.832,0.909,1.237
1477010449400000,18.127,18.045,-3.143,3.629,19.079,16.803,-1.673,3.092,0.412,0.836,0.915,1.234
1477010449450000,17.967,18.225,-3.242,3.542,18.827,17.098,-2.037,2.793,0.418,0.839,0.917,1.231
1477010449500000,17.803,18.399,-3.338,3.452,18.827,17.098,-2.037,2.793,0.426,0.843,0.921,1.227
1477010449550000,17.633,18.570,-3.432,3.360,18.530,17.563,-2.169,2.802,0.431,0.844,0.924,1.224
1477010449600000,17.459,18.735,-3.524,3.265,18.530,17.563,-2.169,2.802,0.439,0.847,0.928,1.220
1477010449650000,17.281,18.896,-3.613,3.168,18.272,17.801,-2.398,2.555,0.446,0.850,0.930,1.216
1477010449700000,17.098,19.052,-3.699,3.069,18.272,17.801,-2.398,2.555,0.456,0.853,0.933,1.212
1477010449750000,16.911,19.203,-3.782,2.968,17.767,18.387,-2.676,2.661,0.460,0.853,0.935,1.208
1477010449800000,16.720,19.349,-3.863,2.865,17.767,18.387,-2.676,2.661,0.467,0.854,0.937,1.204
1477010449850000,16.525,19.489,-3.940,2.759,17.261,18.887,-3.015,2.555,0.469,0.852,0.937,1.200
1477010449900000,16.326,19.625,-4.015,2.652,17.261,18.887,-3.015,2.555,0.474,0.851,0.937,1.195
1477010449950000,16.124,19.755,-4.087,2.544,16.970,18.924,-3.304,2.216,0.478,0.851,0.936,1.192
1477010450000000,15.918,19.879,-4.156,2.433,16.970,18.924,-3.304,2.216,0.485,0.852,0.936,1.187
1477010450050000,15.708,19.998,-4.222,2.321,16.634,19.128,-3.303,2.245,0.489,0.852,0.936,1.183
1477010450100000,15.496,20.111,-4.285,2.208,16.634,19.128,-3.303,2.245,0.497,0.853,0.936,1.179
1477010450150000,15.280,20.219,-4.344,2.093,15.956,19.698,-3.643,2.320,0.498,0.851,0.935,1.175
1477010450200000,15.061,20.320,-4.401,1.978,15.956,19.698,-3.643,2.320,0.502,0.850,0.933,1.171
1477010450250000,14.840,20.416,-4.454,1.861,15.575,19.829,-3.849,2.049,0.504,0.848,0.932,1.168
1477010450300000,14.616,20.506,-4.504,1.743,15.575,19.829,-3.849,2.049,0.508,0.847,0.930,1.164
1477010450350000,14.390,20.590,-4.551,1.624,15.040,20.114,-4.100,1.859,0.509,0.845,0.928,1.160
1477010450400000,14.161,20.669,-4.595,1.504,15.040,20.114,-4.100,1.859,0.513,0.844,0.925,1.157
1477010450450000,13.930,20.741,-4.636,1.384,14.518,20.342,-4.334,1.652,0.513,0.842,0.923,1.153
1477010450500000,13.698,20.807,-4.674,1.263,14.518,20.342,-4.334,1.652,0.516,0.840,0.920,1.149
1477010450550000,13.463,20.867,-4.708,1.142,14.041,20.444,-4.605,1.272,0.516,0.838,0.917,1.146
1477010450600000,13.227,20.921,-4.739,1.020,14.041,20.444,-4.605,1.272,0.519,0.836,0.914,1.142
1477010450650000,12.990,20.969,-4.767,0.898,13.461,20.673,-4.759,1.182,0.519,0.833,0.911,1.139
1477010450700000,12.751,21.011,-4.792,0.775,13.461,20.673,-4.759,1.182,0.520,0.831,0.908,1.135
1477010450750000,12.511,21.047,-4.814,0.653,12.829,20.868,-4.965,1.009,0.519,0.829,0.905,1.132
1477010450800000,12.269,21.076,-4.832,0.531,12.829,20.868,-4.965,1.009,0.519,0.826,0.902,1.129
1477010450850000,12.028,21.100,-4.848,0.409,12.275,20.982,-5.133,0.776,0.518,0.824,0.900,1.126
1477010450900000,11.785,21.117,-4.860,0.287,12.275,20.982,-5.133,0.776,0.518,0.821,0.897,1.123
1477010450950000,11.542,21.128,-4.870,0.165,11.816,20.928,-5.230,0.465,0.517,0.819,0.895,1.120
1477010451000000,11.298,21.134,-4.876,0.044,11.816,20.928,-5.230,0.465,0.517,0.816,0.893,1.117
1477010451050000,11.054,21.133,-4.880,-0.077,11.391,20.792,-5.282,0.143,0.516,0.814,0.890,1.114
1477010451100000,10.810,21.126,-4.881,-0.197,11.391,20.792,-5.282,0.143,0.516,0.812,0.888,1.110
1477010451150000,10.567,21.113,-4.878,-0.316,10.722,20.871,-5.425,0.200,0.515,0.810,0.887,1.108
1477010451200000,10.323,21.094,-4.873,-0.435,10.722,20.871,-5.425,0.200,0.514,0.808,0.885,1.106
1477010451250000,10.080,21.070,-4.866,-0.552,10.069,20.951,-5.586,0.019,0.513,0.805,0.884,1.103
1477010451300000,9.837,21.039,-4.856,-0.669,10.069,20.951,-5.586,0.019,0.511,0.803,0.883,1.101
1477010451350000,9.594,21.003,-4.843,-0.785,9.470,20.981,-5.623,0.010,0.510,0.800,0.883,1.100
1477010451400000,9.353,20.961,-4.827,-0.900,9.470,20.981,-5.623,0.010,0.508,0.798,0.882,1.099
1477010451450000,9.112,20.913,-4.809,-1.014,8.926,20.959,-5.697,-0.296,0.507,0.796,0.882,1.097
1477010451500000,8.872,20.859,-4.789,-1.126,8.926,20.959,-5.697,-0.296,0.506,0.793,0.882,1.095
1477010451550000,8.633,20.800,-4.766,-1.237,8.540,20.767,-5.677,-0.655,0.504,0.791,0.882,1.093
1477010451600000,8.396,20.736,-4.741,-1.347,8.540,20.767,-5.677,-0.655,0.503,0.789,0.883,1.091
1477010451650000,8.159,20.666,-4.714,-1.455,8.058,20.616,-5.663,-0.964,0.502,0.787,0.883,1.089
1477010451700000,7.924,20.590,-4.685,-1.562,8.058,20.616,-5.663,-0.964,0.500,0.784,0.884,1.086
1477010451750000,7.691,20.510,-4.653,-1.668,7.520,20.507,-5.693,-1.280,0.499,0.782,0.885,1.084
1477010451800000,7.459,20.424,-4.620,-1.772,7.520,20.507,-5.693,-1.280,0.498,0.780,0.886,1.081
1477010451850000,7.229,20.333,-4.584,-1.874,7.036,20.302,-5.657,-1.453,0.496,0.778,0.887,1.079
1477010451900000,7.001,20.236,-4.547,-1.975,7.036,20.302,-5.657,-1.453,0.495,0.776,0.888,1.076
1477010451950000,6.775,20.135,-4.509,-2.074,6.501,20.141,-5.645,-1.578,0.494,0.773,0.890,1.074
1477010452000000,6.551,20.029,-4.468,-2.171,6.501,20.141,-5.645,-1.578,0.493,0.771,0.892,1.072
1477010452050000,6.328,19.918,-4.426,-2.266,5.943,20.003,-5.644,-1.749,0.492,0.769,0.894,1.070
1477010452100000,6.108,19.803,-4.382,-2.360,5.943,20.003,-5.644,-1.749,0.491,0.767,0.896,1.068
1477010452150000,5.890,19.682,-4.337,-2.452,5.499,19.703,-5.597,-2.148,0.490,0.765,0.899,1.065
1477010452200000,5.675,19.558,-4.291,-2.542,5.499,19.703,-5.597,-2.148,0.489,0.763,0.901,1.063
1477010452250000,5.461,19.428,-4.244,-2.630,5.114,19.380,-5.501,-2.368,0.489,0.761,0.904,1.060
1477010452300000,5.251,19.295,-4.195,-2.716,5.114,19.380,-5.501,-2.368,0.487,0.759,0.906,1.057
1477010452350000,5.042,19.157,-4.145,-2.801,4.700,19.151,-5.331,-2.353,0.487,0.757,0.908,1.055
1477010452400000,4.836,19.015,-4.094,-2.883,4.700,19.151,-5.331,-2.353,0.486,0.755,0.910,1.053
1477010452450000,4.633,18.869,-4.043,-2.964,4.151,18.897,-5.338,-2.625,0.486,0.753,0.913,1.050
1477010452500000,4.432,18.719,-3.990,-3.042,4.151,18.897,-5.338,-2.625,0.485,0.751,0.915,1.048
1477010452550000,4.234,18.565,-3.937,-3.119,3.779,18.589,-5.188,-2.680,0.485,0.749,0.917,1.046
1477010452600000,4.039,18.407,-3.883,-3.194,3.779,18.589,-5.188,-2.680,0.484,0.747,0.920,1.044
1477010452650000,3.846,18.246,-3.828,-3.266,3.184,18.338,-5.218,-3.141,0.485,0.746,0.923,1.041
1477010452700000,3.656,18.081,-3.773,-3.337,3.184,18.338,-5.218,-3.141,0.485,0.744,0.926,1.039
1477010452750000,3.469,17.912,-3.718,-3.406,2.923,17.983,-4.945,-3.125,0.485,0.742,0.928,1.036
1477010452800000,3.284,17.740,-3.662,-3.473,2.923,17.983,-4.945,-3.125,0.484,0.740,0.930,1.034
1477010452850000,3.103,17.565,-3.606,-3.538,2.440,17.654,-4.903,-3.445,0.486,0.738,0.932,1.031
1477010452900000,2.924,17.387,-3.550,-3.602,2.440,17.654,-4.903,-3.445,0.486,0.737,0.935,1.029
1477010452950000,2.748,17.205,-3.493,-3.663,2.161,17.218,-4.756,-3.789,0.486,0.735,0.937,1.026
1477010453000000,2.575,17.021,-3.437,-3.723,2.161,17.218,-4.756,-3.789,0.486,0.733,0.939,1.024
1477010453050000,2.404,16.833,-3.381,-3.780,1.807,16.855,-4.619,-3.592,0.486,0.732,0.941,1.021
1477010453100000,2.237,16.643,-3.324,-3.836,1.807,16.855,-4.619,-3.592,0.486,0.730,0.943,1.019
1477010453150000,2.072,16.450,-3.268,-3.890,1.485,16.426,-4.520,-3.629,0.487,0.728,0.945,1.016
1477010453200000,1.910,16.254,-3.212,-3.942,1.485,16.426,-4.520,-3.629,0.486,0.726,0.947,1.014
1477010453250000,1.751,16.056,-3.157,-3.993,1.118,16.069,-4.417,-3.670,0.487,0.725,0.949,1.012
1477010453300000,1.595,15.855,-3.101,-4.041,1.118,16.069,-4.417,-3.670,0.487,0.723,0.951,1.010
1477010453350000,1.441,15.652,-3.046,-4.088,0.858,15.616,-4.265,-4.091,0.488,0.721,0.952,1.007
1477010453400000,1.290,15.446,-2.992,-4.134,0.858,15.616,-4.265,-4.091,0.487,0.720,0.954,1.005
1477010453450000,1.142,15.239,-2.938,-4.177,0.446,15.235,-4.220,-4.105,0.489,0.718,0.956,1.003
1477010453500000,0.996,15.029,-2.885,-4.219,0.446,15.235,-4.220,-4.105,0.489,0.716,0.958,1.000
1477010453550000,0.854,14.817,-2.832,-4.260,0.168,14.853,-4.040,-4.058,0.490,0.715,0.959,0.998
1477010453600000,0.713,14.603,-2.781,-4.299,0.168,14.853,-4.040,-4.058,0.490,0.713,0.961,0.996
1477010453650000,0.576,14.387,-2.730,-4.336,-0.014,14.363,-3.827,-4.431,0.491,0.712,0.962,0.994
1477010453700000,0.440,14.170,-2.679,-4.372,-0.014,14.363,-3.827,-4.431,0.491,0.710,0.963,0.991
1477010453750000,0.308,13.950,-2.630,-4.406,-0.295,13.873,-3.676,-4.785,0.491,0.708,0.963,0.989
1477010453800000,0.178,13.729,-2.581,-4.439,-0.295,13.873,-3.676,-4.785,0.491,0.707,0.964,0.987
1477010453850000,0.050,13.507,-2.534,-4.471,-0.535,13.385,-3.517,-4.967,0.492,0.705,0.964,0.986
1477010453900000,-0.076,13.282,-2.487,-4.501,-0.535,13.385,-3.517,-4.967,0.491,0.704,0.964,0.984
1477010453950000,-0.199,13.057,-2.442,-4.530,-0.790,12.922,-3.408,-4.824,0.492,0.702,0.964,0.982
1477010454000000,-0.320,12.830,-2.397,-4.557,-0.790,12.922,-3.408,-4.824,0.492,0.701,0.964,0.980
1477010454050000,-0.439,12.601,-2.354,-4.583,-1.028,12.436,-3.321,-4.742,0.492,0.699,0.964,0.978
1477010454100000,-0.555,12.371,-2.312,-4.608,-1.028,12.436,-3.321,-4.742,0.492,0.698,0.965,0.975
1477010454150000,-0.670,12.140,-2.271,-4.632,-1.325,12.007,-3.233,-4.751,0.493,0.696,0.965,0.973
1477010454200000,-0.782,11.908,-2.231,-4.655,-1.325,12.007,-3.233,-4.751,0.493,0.694,0.965,0.971
1477010454250000,-0.893,11.675,-2.193,-4.676,-1.552,11.530,-3.103,-4.836,0.494,0.693,0.964,0.969
1477010454300000,-1.002,11.441,-2.156,-4.696,-1.552,11.530,-3.103,-4.836,0.494,0.692,0.964,0.967
1477010454350000,-1.109,11.206,-2.120,-4.715,-1.625,11.048,-2.864,-4.740,0.495,0.690,0.964,0.965
1477010454400000,-1.214,10.969,-2.086,-4.734,-1.625,11.048,-2.864,-4.740,0.494,0.689,0.963,0.963
1477010454450000,-1.317,10.732,-2.053,-4.751,-1.736,10.574,-2.595,-4.986,0.494,0.687,0.961,0.961
1477010454500000,-1.419,10.495,-2.021,-4.767,-1.736,10.574,-2.595,-4.986,0.493,0.686,0.960,0.959
1477010454550000,-1.519,10.256,-1.991,-4.782,-1.857,10.056,-2.402,-5.138,0.493,0.684,0.958,0.957
1477010454600000,-1.618,10.016,-1.962,-4.796,-1.857,10.056,-2.402,-5.138,0.492,0.683,0.957,0.955
1477010454650000,-1.715,9.776,-1.935,-4.809,-1.983,9.599,-2.266,-5.004,0.491,0.682,0.955,0.953
1477010454700000,-1.811,9.536,-1.909,-4.822,-1.983,9.599,-2.266,-5.004,0.490,0.680,0.953,0.951
1477010454750000,-1.906,9.294,-1.885,-4.833,-2.194,9.110,-2.174,-5.123,0.490,0.679,0.951,0.949
1477010454800000,-2.000,9.052,-1.862,-4.844,-2.194,9.110,-2.174,-5.123,0.489,0.677,0.950,0.948
1477010454850000,-2.093,8.810,-1.841,-4.853,-2.294,8.671,-2.029,-4.973,0.488,0.676,0.948,0.946
1477010454900000,-2.184,8.567,-1.822,-4.862,-2.294,8.671,-2.029,-4.973,0.487,0.675,0.946,0.944
1477010454950000,-2.275,8.324,-1.804,-4.870,-2.519,8.166,-2.017,-5.047,0.486,0.673,0.944,0.942
1477010455000000,-2.365,8.080,-1.787,-4.878,-2.519,8.166,-2.017,-5.047,0.485,0.672,0.942,0.940
1477010455050000,-2.453,7.836,-1.772,-4.884,-2.564,7.768,-1.782,-4.946,0.484,0.670,0.940,0.938
1477010455100000,-2.542,7.592,-1.759,-4.890,-2.564,7.768,-1.782,-4.946,0.483,0.669,0.938,0.936
1477010455150000,-2.629,7.347,-1.748,-4.895,-2.881,7.272,-2.033,-4.857,0.483,0.668,0.936,0.934
1477010455200000,-2.717,7.102,-1.738,-4.899,-2.881,7.272,-2.033,-4.857,0.482,0.667,0.935,0.932
1477010455250000,-2.803,6.857,-1.730,-4.903,-2.948,6.837,-1.765,-4.936,0.481,0.665,0.933,0.930
1477010455300000,-2.890,6.612,-1.723,-4.906,-2.948,6.837,-1.765,-4.936,0.480,0.664,0.931,0.928
1477010455350000,-2.976,6.367,-1.718,-4.908,-3.000,6.395,-1.680,-4.719,0.479,0.663,0.929,0.927
1477010455400000,-3.061,6.121,-1.715,-4.909,-3.000,6.395,-1.680,-4.719,0.478,0.662,0.927,0.925
1477010455450000,-3.147,5.876,-1.713,-4.910,-3.206,5.921,-1.633,-4.826,0.477,0.660,0.925,0.923
1477010455500000,-3.233,5.630,-1.713,-4.910,-3.206,5.921,-1.633,-4.826,0.476,0.659,0.923,0.921
1477010455550000,-3.318,5.385,-1.715,-4.909,-3.371,5.423,-1.722,-4.758,0.475,0.658,0.922,0.919
1477010455600000,-3.404,5.140,-1.718,-4.907,-3.371,5.423,-1.722,-4.758,0.474,0.657,0.920,0.918
1477010455650000,-3.490,4.894,-1.723,-4.905,-3.484,4.955,-1.551,-4.820,0.473,0.656,0.918,0.916
1477010455700000,-3.577,4.649,-1.729,-4.902,-3.484,4.955,-1.551,-4.820,0.472,0.655,0.916,0.914
1477010455750000,-3.663,4.404,-1.738,-4.899,-3.670,4.441,-1.745,-4.763,0.471,0.653,0.914,0.912
1477010455800000,-3.750,4.159,-1.747,-4.894,-3.670,4.441,-1.745,-4.763,0.471,0.652,0.913,0.911
1477010455850000,-3.838,3.915,-1.759,-4.889,-3.859,3.968,-1.675,-4.820,0.470,0.651,0.911,0.909
1477010455900000,-3.926,3.670,-1.772,-4.883,-3.859,3.968,-1.675,-4.820,0.469,0.650,0.909,0.907
1477010455950000,-4.015,3.426,-1.787,-4.877,-4.052,3.547,-1.807,-4.667,0.468,0.649,0.907,0.905
1477010456000000,-4.105,3.182,-1.803,-4.869,-4.052,3.547,-1.807,-4.667,0.467,0.648,0.906,0.904
1477010456050000,-4.196,2.939,-1.821,-4.861,-4.281,3.035,-1.982,-4.710,0.466,0.647,0.904,0.902
1477010456100000,-4.287,2.696,-1.841,-4.852,-4.281,3.035,-1.982,-4.710,0.465,0.646,0.902,0.900
1477010456150000,-4.380,2.454,-1.862,-4.842,-4.466,2.540,-1.912,-4.767,0.464,0.645,0.901,0.899
1477010456200000,-4.474,2.212,-1.884,-4.831,-4.466,2.540,-1.912,-4.767,0.463,0.644,0.899,0.897
1477010456250000,-4.568,1.971,-1.909,-4.820,-4.638,2.083,-2.137,-4.662,0.463,0.643,0.897,0.895
1477010456300000,-4.664,1.730,-1.934,-4.808,-4.638,2.083,-2.137,-4.662,0.462,0.642,0.896,0.894
1477010456350000,-4.762,1.490,-1.961,-4.794,-4.909,1.562,-2.346,-4.749,0.461,0.641,0.894,0.892
1477010456400000,-4.861,1.250,-1.990,-4.780,-4.909,1.562,-2.346,-4.749,0.460,0.640,0.893,0.890
1477010456450000,-4.961,1.012,-2.020,-4.765,-5.102,1.108,-2.202,-4.722,0.459,0.638,0.891,0.889
1477010456500000,-5.063,0.774,-2.052,-4.748,-5.102,1.108,-2.202,-4.722,0.459,0.638,0.890,0.887
1477010456550000,-5.166,0.537,-2.085,-4.731,-5.294,0.562,-2.258,-4.883,0.458,0.636,0.888,0.886
1477010456600000,-5.271,0.301,-2.119,-4.713,-5.294,0.562,-2.258,-4.883,0.457,0.635,0.887,0.884
1477010456650000,-5.378,0.065,-2.155,-4.694,-5.565,-0.015,-2.086,-4.998,0.456,0.634,0.885,0.883
1477010456700000,-5.487,-0.169,-2.192,-4.673,-5.565,-0.015,-2.086,-4.998,0.455,0.633,0.883,0.881
1477010456750000,-5.597,-0.402,-2.230,-4.652,-5.745,-0.422,-2.070,-4.836,0.455,0.632,0.882,0.880
1477010456800000,-5.710,-0.634,-2.270,-4.629,-5.745,-0.422,-2.070,-4.836,0.454,0.631,0.880,0.878
1477010456850000,-5.825,-0.865,-2.311,-4.605,-5.909,-0.855,-2.293,-4.834,0.453,0.630,0.879,0.877
1477010456900000,-5.941,-1.095,-2.353,-4.580,-5.909,-0.855,-2.293,-4.834,0.452,0.629,0.877,0.875
1477010456950000,-6.060,-1.323,-2.396,-4.554,-6.090,-1.360,-2.247,-4.901,0.451,0.628,0.876,0.874
1477010457000000,-6.181,-1.550,-2.440,-4.526,-6.090,-1.360,-2.247,-4.901,0.451,0.627,0.874,0.873
1477010457050000,-6.304,-1.776,-2.486,-4.498,-6.329,-1.851,-2.541,-5.004,0.450,0.626,0.873,0.872
1477010457100000,-6.430,-2.000,-2.532,-4.467,-6.329,-1.851,-2.541,-5.004,0.449,0.625,0.871,0.871
1477010457150000,-6.557,-2.223,-2.579,-4.436,-6.613,-2.318,-2.481,-4.892,0.448,0.624,0.870,0.870
1477010457200000,-6.688,-2.444,-2.628,-4.403,-6.613,-2.318,-2.481,-4.892,0.448,0.623,0.868,0.869
1477010457250000,-6.820,-2.663,-2.677,-4.368,-6.895,-2.792,-2.556,-4.864,0.447,0.622,0.867,0.868
1477010457300000,-6.955,-2.881,-2.727,-4.333,-6.895,-2.792,-2.556,-4.864,0.446,0.620,0.865,0.867
1477010457350000,-7.093,-3.097,-2.778,-4.295,-7.143,-3.255,-2.487,-4.795,0.445,0.619,0.864,0.866
1477010457400000,-7.233,-3.311,-2.830,-4.256,-7.143,-3.255,-2.487,-4.795,0.445,0.618,0.863,0.865
1477010457450000,-7.376,-3.522,-2.883,-4.216,-7.417,-3.827,-2.490,-4.900,0.444,0.618,0.861,0.864
1477010457500000,-7.522,-3.732,-2.936,-4.174,-7.417,-3.827,-2.490,-4.900,0.443,0.617,0.860,0.864
1477010457550000,-7.670,-3.940,-2.990,-4.130,-7.670,-4.226,-2.554,-4.808,0.442,0.616,0.859,0.863
1477010457600000,-7.821,-4.145,-3.044,-4.085,-7.670,-4.226,-2.554,-4.808,0.442,0.615,0.858,0.863
1477010457650000,-7.975,-4.349,-3.099,-4.038,-7.944,-4.684,-2.581,-4.770,0.441,0.614,0.857,0.862
1477010457700000,-8.131,-4.549,-3.154,-3.989,-7.944,-4.684,-2.581,-4.770,0.440,0.613,0.857,0.862
1477010457750000,-8.290,-4.748,-3.209,-3.939,-8.214,-5.107,-2.459,-4.595,0.440,0.612,0.856,0.861
1477010457800000,-8.452,-4.943,-3.265,-3.886,-8.214,-5.107,-2.459,-4.595,0.439,0.611,0.856,0.861
1477010457850000,-8.617,-5.136,-3.321,-3.832,-8.487,-5.416,-2.460,-4.378,0.438,0.611,0.856,0.860
1477010457900000,-8.784,-5.327,-3.377,-3.777,-8.487,-5.416,-2.460,-4.378,0.438,0.610,0.856,0.859
1477010457950000,-8.955,-5.514,-3.434,-3.719,-8.775,-5.838,-2.585,-4.397,0.437,0.609,0.856,0.859
1477010458000000,-9.128,-5.699,-3.490,-3.660,-8.775,-5.838,-2.585,-4.397,0.437,0.608,0.856,0.858
1477010458050000,-9.304,-5.880,-3.546,-3.598,-9.044,-6.115,-2.575,-4.192,0.437,0.607,0.857,0.858
1477010458100000,-9.483,-6.059,-3.603,-3.535,-9.044,-6.115,-2.575,-4.192,0.437,0.606,0.857,0.857
1477010458150000,-9.664,-6.234,-3.659,-3.470,-9.361,-6.526,-2.713,-4.209,0.436,0.605,0.858,0.857
1477010458200000,-9.849,-6.406,-3.714,-3.403,-9.361,-6.526,-2.713,-4.209,0.436,0.604,0.858,0.857
1477010458250000,-10.036,-6.574,-3.770,-3.334,-9.790,-6.834,-3.054,-4.121,0.436,0.603,0.858,0.856
1477010458300000,-10.226,-6.739,-3.825,-3.263,-9.790,-6.834,-3.054,-4.121,0.436,0.602,0.858,0.856
1477010458350000,-10.419,-6.901,-3.879,-3.190,-10.137,-7.160,-3.173,-4.069,0.436,0.602,0.857,0.856
1477010458400000,-10.614,-7.058,-3.933,-3.116,-10.137,-7.160,-3.173,-4.069,0.436,0.601,0.857,0.857
1477010458450000,-10.812,-7.212,-3.986,-3.039,-10.533,-7.445,-3.319,-3.954,0.435,0.600,0.856,0.857
1477010458500000,-11.013,-7.363,-4.039,-2.961,-10.533,-7.445,-3.319,-3.954,0.435,0.599,0.856,0.857
1477010458550000,-11.216,-7.509,-4.090,-2.880,-10.891,-7.756,-3.323,-3.837,0.435,0.598,0.856,0.858
1477010458600000,-11.422,-7.651,-4.141,-2.798,-10.891,-7.756,-3.323,-3.837,0.435,0.597,0.855,0.858
1477010458650000,-11.630,-7.788,-4.191,-2.713,-11.265,-8.029,-3.362,-3.707,0.435,0.596,0.855,0.859
1477010458700000,-11.841,-7.922,-4.239,-2.627,-11.265,-8.029,-3.362,-3.707,0.436,0.596,0.855,0.860
1477010458750000,-12.055,-8.051,-4.287,-2.539,-11.634,-8.301,-3.261,-3.500,0.436,0.595,0.856,0.860
1477010458800000,-12.270,-8.176,-4.333,-2.449,-11.634,-8.301,-3.261,-3.500,0.436,0.594,0.857,0.861
1477010458850000,-12.488,-8.296,-4.378,-2.358,-12.065,-8.563,-3.588,-3.532,0.436,0.593,0.857,0.862
1477010458900000,-12.708,-8.412,-4.422,-2.264,-12.065,-8.563,-3.588,-3.532,0.437,0.592,0.857,0.863
1477010458950000,-12.930,-8.523,-4.464,-2.169,-12.451,-8.791,-3.442,-3.282,0.437,0.592,0.857,0.864
1477010459000000,-13.155,-8.629,-4.504,-2.072,-12.451,-8.791,-3.442,-3.282,0.438,0.591,0.858,0.866
1477010459050000,-13.381,-8.730,-4.543,-1.973,-12.949,-8.996,-3.710,-3.199,0.438,0.590,0.858,0.867
1477010459100000,-13.609,-8.826,-4.580,-1.872,-12.949,-8.996,-3.710,-3.199,0.439,0.589,0.858,0.869
1477010459150000,-13.839,-8.917,-4.615,-1.770,-13.342,-9.159,-3.525,-2.911,0.439,0.588,0.859,0.870
1477010459200000,-14.071,-9.003,-4.649,-1.666,-13.342,-9.159,-3.525,-2.911,0.441,0.587,0.860,0.871
1477010459250000,-14.304,-9.084,-4.680,-1.561,-13.832,-9.350,-3.870,-2.926,0.441,0.587,0.859,0.873
1477010459300000,-14.539,-9.159,-4.709,-1.454,-13.832,-9.350,-3.870,-2.926,0.442,0.586,0.859,0.875
1477010459350000,-14.775,-9.229,-4.737,-1.346,-14.255,-9.579,-3.811,-2.794,0.442,0.585,0.860,0.878
1477010459400000,-15.013,-9.294,-4.762,-1.236,-14.255,-9.579,-3.811,-2.794,0.443,0.585,0.860,0.881
1477010459450000,-15.252,-9.353,-4.784,-1.125,-14.748,-9.803,-3.892,-2.717,0.444,0.584,0.860,0.884
1477010459500000,-15.492,-9.406,-4.805,-1.013,-14.748,-9.803,-3.892,-2.717,0.445,0.584,0.860,0.887
1477010459550000,-15.732,-9.454,-4.823,-0.899,-15.218,-9.942,-3.788,-2.485,0.445,0.584,0.861,0.890
1477010459600000,-15.974,-9.496,-4.838,-0.784,-15.218,-9.942,-3.788,-2.485,0.446,0.583,0.861,0.894
1477010459650000,-16.216,-9.533,-4.851,-0.669,-15.737,-9.974,-3.853,-2.240,0.446,0.583,0.862,0.897
1477010459700000,-16.459,-9.563,-4.862,-0.552,-15.737,-9.974,-3.853,-2.240,0.447,0.582,0.862,0.900
1477010459750000,-16.703,-9.588,-4.869,-0.434,-16.113,-10.091,-3.785,-2.090,0.448,0.582,0.863,0.903
1477010459800000,-16.946,-9.607,-4.874,-0.316,-16.113,-10.091,-3.785,-2.090,0.450,0.582,0.864,0.907
1477010459850000,-17.190,-9.620,-4.876,-0.196,-16.509,-10.422,-3.874,-2.272,0.450,0.583,0.864,0.913
1477010459900000,-17.434,-9.626,-4.876,-0.077,-16.509,-10.422,-3.874,-2.272,0.453,0.583,0.865,0.919
1477010459950000,-17.678,-9.627,-4.872,0.044,-17.058,-10.420,-3.878,-2.006,0.453,0.584,0.865,0.924
1477010460000000,-17.922,-9.622,-4.866,0.165,-17.058,-10.420,-3.878,-2.006,0.455,0.585,0.865,0.931
1477010460050000,-18.165,-9.611,-4.856,0.287,-17.542,-10.419,-3.813,-1.755,0.455,0.586,0.866,0.936
1477010460100000,-18.407,-9.593,-4.844,0.408,-17.542,-10.419,-3.813,-1.755,0.457,0.587,0.867,0.942
1477010460150000,-18.649,-9.570,-4.829,0.531,-17.974,-10.481,-3.913,-1.670,0.458,0.588,0.867,0.948
1477010460200000,-18.890,-9.540,-4.810,0.653,-17.974,-10.481,-3.913,-1.670,0.460,0.589,0.867,0.955
1477010460250000,-19.130,-9.504,-4.789,0.775,-18.396,-10.500,-3.948,-1.520,0.461,0.591,0.867,0.961
1477010460300000,-19.369,-9.463,-4.764,0.897,-18.396,-10.500,-3.948,-1.520,0.463,0.592,0.867,0.968
1477010460350000,-19.607,-9.415,-4.736,1.019,-18.875,-10.419,-3.791,-1.224,0.464,0.594,0.867,0.974
1477010460400000,-19.843,-9.361,-4.705,1.141,-18.875,-10.419,-3.791,-1.224,0.467,0.596,0.867,0.981
1477010460450000,-20.078,-9.301,-4.671,1.262,-19.370,-10.244,-3.782,-0.916,0.467,0.597,0.867,0.987
1477010460500000,-20.310,-9.234,-4.633,1.383,-19.370,-10.244,-3.782,-0.916,0.469,0.599,0.867,0.993
1477010460550000,-20.541,-9.162,-4.593,1.503,-19.835,-10.240,-3.848,-0.847,0.470,0.601,0.867,0.999
1477010460600000,-20.770,-9.084,-4.549,1.623,-19.835,-10.240,-3.848,-0.847,0.472,0.603,0.866,1.007
1477010460650000,-20.996,-9.000,-4.502,1.742,-20.401,-10.004,-3.843,-0.538,0.473,0.604,0.866,1.013
1477010460700000,-21.220,-8.910,-4.452,1.860,-20.401,-10.004,-3.843,-0.538,0.474,0.606,0.865,1.019
1477010460750000,-21.441,-8.814,-4.399,1.977,-20.922,-9.802,-3.784,-0.274,0.474,0.608,0.864,1.025
1477010460800000,-21.660,-8.712,-4.342,2.092,-20.922,-9.802,-3.784,-0.274,0.475,0.610,0.864,1.031
1477010460850000,-21.875,-8.605,-4.283,2.207,-21.303,-9.639,-3.449,-0.017,0.475,0.611,0.864,1.036
1477010460900000,-22.088,-8.491,-4.220,2.320,-21.303,-9.639,-3.449,-0.017,0.476,0.613,0.863,1.042
1477010460950000,-22.297,-8.373,-4.154,2.432,-21.718,-9.446,-3.573,0.155,0.477,0.615,0.863,1.047
1477010461000000,-22.504,-8.248,-4.086,2.543,-21.718,-9.446,-3.573,0.155,0.478,0.618,0.862,1.053
1477010461050000,-22.706,-8.118,-4.014,2.651,-22.094,-9.308,-3.460,0.324,0.478,0.620,0.861,1.059
1477010461100000,-22.905,-7.983,-3.939,2.758,-22.094,-9.308,-3.460,0.324,0.480,0.623,0.860,1.065
1477010461150000,-23.100,-7.842,-3.862,2.864,-22.515,-9.083,-3.206,0.561,0.480,0.625,0.860,1.071
1477010461200000,-23.291,-7.697,-3.781,2.967,-22.515,-9.083,-3.206,0.561,0.481,0.629,0.859,1.077
1477010461250000,-23.478,-7.546,-3.698,3.068,-22.934,-8.784,-3.364,0.768,0.481,0.631,0.858,1.082
1477010461300000,-23.661,-7.390,-3.612,3.167,-22.934,-8.784,-3.364,0.768,0.482,0.635,0.857,1.088
1477010461350000,-23.839,-7.229,-3.523,3.264,-23.363,-8.430,-3.317,1.023,0.482,0.637,0.856,1.092
1477010461400000,-24.013,-7.063,-3.432,3.359,-23.363,-8.430,-3.317,1.023,0.482,0.640,0.855,1.098
1477010461450000,-24.182,-6.893,-3.338,3.451,-23.744,-8.073,-3.115,1.279,0.482,0.642,0.854,1.102
1477010461500000,-24.347,-6.718,-3.242,3.541,-23.744,-8.073,-3.115,1.279,0.483,0.645,0.853,1.107
1477010461550000,-24.507,-6.539,-3.143,3.629,-24.129,-7.743,-2.887,1.504,0.482,0.647,0.852,1.111
1477010461600000,-24.661,-6.355,-3.042,3.713,-24.129,-7.743,-2.887,1.504,0.483,0.650,0.851,1.115
1477010461650000,-24.811,-6.168,-2.938,3.796,-24.408,-7.462,-2.697,1.662,0.482,0.653,0.850,1.119
1477010461700000,-24.955,-5.976,-2.833,3.875,-24.408,-7.462,-2.697,1.662,0.483,0.656,0.849,1.123
1477010461750000,-25.094,-5.780,-2.725,3.951,-24.670,-7.144,-2.560,1.829,0.482,0.659,0.847,1.127
1477010461800000,-25.228,-5.581,-2.616,4.025,-24.670,-7.144,-2.560,1.829,0.483,0.663,0.846,1.131
1477010461850000,-25.356,-5.378,-2.504,4.096,-25.011,-6.723,-2.588,2.020,0.482,0.666,0.845,1.135
1477010461900000,-25.478,-5.171,-2.391,4.163,-25.011,-6.723,-2.588,2.020,0.482,0.670,0.844,1.139
1477010461950000,-25.595,-4.962,-2.276,4.228,-25.239,-6.529,-2.540,2.040,0.482,0.674,0.843,1.143
1477010462000000,-25.706,-4.749,-2.160,4.289,-25.239,-6.529,-2.540,2.040,0.482,0.679,0.842,1.147
1477010462050000,-25.811,-4.533,-2.041,4.348,-25.511,-6.143,-2.394,2.199,0.482,0.683,0.841,1.151
1477010462100000,-25.910,-4.314,-1.922,4.403,-25.511,-6.143,-2.394,2.199,0.481,0.689,0.841,1.155
1477010462150000,-26.003,-4.092,-1.801,4.455,-25.865,-5.531,-1.996,2.492,0.481,0.692,0.840,1.158
1477010462200000,-26.090,-3.869,-1.679,4.503,-25.865,-5.531,-1.996,2.492,0.480,0.696,0.839,1.161
1477010462250000,-26.171,-3.642,-1.556,4.549,-26.086,-5.054,-1.606,2.681,0.480,0.699,0.838,1.163
1477010462300000,-26.245,-3.414,-1.432,4.591,-26.086,-5.054,-1.606,2.681,0.479,0.703,0.837,1.166
1477010462350000,-26.314,-3.183,-1.307,4.630,-26.208,-4.672,-1.274,2.793,0.479,0.706,0.835,1.168
1477010462400000,-26.376,-2.951,-1.182,4.665,-26.208,-4.672,-1.274,2.793,0.478,0.710,0.834,1.170
1477010462450000,-26.432,-2.717,-1.055,4.697,-26.336,-4.270,-1.117,2.911,0.477,0.714,0.833,1.172
1477010462500000,-26.482,-2.481,-0.928,4.726,-26.336,-4.270,-1.117,2.911,0.477,0.719,0.832,1.174
1477010462550000,-26.525,-2.245,-0.801,4.751,-26.474,-3.739,-1.045,3.107,0.476,0.722,0.831,1.176
1477010462600000,-26.562,-2.007,-0.673,4.773,-26.474,-3.739,-1.045,3.107,0.476,0.726,0.830,1.177
1477010462650000,-26.592,-1.767,-0.546,4.791,-26.532,-3.356,-0.918,3.208,0.475,0.730,0.830,1.178
1477010462700000,-26.616,-1.528,-0.418,4.807,-26.532,-3.356,-0.918,3.208,0.475,0.734,0.829,1.180
1477010462750000,-26.634,-1.287,-0.290,4.819,-26.567,-2.931,-0.519,3.345,0.474,0.738,0.828,1.181
1477010462800000,-26.645,-1.046,-0.162,4.827,-26.567,-2.931,-0.519,3.345,0.473,0.743,0.827,1.181
1477010462850000,-26.650,-0.804,-0.034,4.832,-26.675,-2.363,-0.384,3.491,0.473,0.746,0.826,1.182
1477010462900000,-26.648,-0.563,0.094,4.834,-26.675,-2.363,-0.384,3.491,0.472,0.751,0.826,1.182
1477010462950000,-26.641,-0.321,0.221,4.833,-26.716,-1.748,-0.036,3.632,0.472,0.753,0.825,1.182
1477010463000000,-26.626,-0.080,0.347,4.829,-26.716,-1.748,-0.036,3.632,0.471,0.757,0.824,1.182
1477010463050000,-26.606,0.161,0.473,4.821,-26.723,-1.149,0.238,3.781,0.471,0.759,0.823,1.182
1477010463100000,-26.579,0.402,0.598,4.810,-26.723,-1.149,0.238,3.781,0.470,0.762,0.822,1.182
1477010463150000,-26.546,0.642,0.723,4.797,-26.710,-0.596,0.321,3.907,0.469,0.763,0.821,1.181
1477010463200000,-26.507,0.882,0.846,4.780,-26.710,-0.596,0.321,3.907,0.469,0.766,0.821,1.180
1477010463250000,-26.462,1.120,0.969,4.760,-26.617,-0.194,0.376,3.983,0.468,0.768,0.820,1.180
1477010463300000,-26.410,1.357,1.091,4.737,-26.617,-0.194,0.376,3.983,0.468,0.771,0.820,1.179
1477010463350000,-26.353,1.594,1.211,4.712,-26.550,0.159,0.543,3.978,0.468,0.773,0.820,1.178
1477010463400000,-26.289,1.828,1.330,4.683,-26.550,0.159,0.543,3.978,0.467,0.777,0.820,1.177
1477010463450000,-26.220,2.062,1.448,4.652,-26.452,0.648,0.849,4.002,0.467,0.779,0.819,1.176
1477010463500000,-26.144,2.293,1.565,4.619,-26.452,0.648,0.849,4.002,0.466,0.782,0.819,1.175
1477010463550000,-26.063,2.523,1.680,4.582,-26.335,1.120,0.950,4.069,0.466,0.784,0.819,1.174
1477010463600000,-25.976,2.751,1.793,4.543,-26.335,1.120,0.950,4.069,0.466,0.787,0.819,1.173
1477010463650000,-25.884,2.977,1.905,4.502,-26.202,1.756,1.388,4.141,0.466,0.789,0.818,1.171
1477010463700000,-25.786,3.201,2.016,4.458,-26.202,1.756,1.388,4.141,0.465,0.791,0.818,1.170
1477010463750000,-25.683,3.423,2.125,4.412,-26.056,2.456,1.586,4.299,0.465,0.791,0.817,1.169
1477010463800000,-25.574,3.642,2.231,4.364,-26.056,2.456,1.586,4.299,0.465,0.792,0.817,1.167
1477010463850000,-25.460,3.859,2.337,4.314,-25.837,2.861,1.866,4.276,0.465,0.793,0.816,1.166
1477010463900000,-25.340,4.074,2.440,4.261,-25.837,2.861,1.866,4.276,0.465,0.794,0.816,1.164
1477010463950000,-25.216,4.285,2.541,4.207,-25.604,3.280,2.076,4.253,0.465,0.795,0.815,1.163
1477010464000000,-25.086,4.494,2.641,4.151,-25.604,3.280,2.076,4.253,0.465,0.796,0.815,1.162
1477010464050000,-24.952,4.700,2.738,4.093,-25.307,3.446,2.222,4.123,0.465,0.798,0.814,1.160
1477010464100000,-24.813,4.903,2.834,4.033,-25.307,3.446,2.222,4.123,0.465,0.800,0.814,1.159
1477010464150000,-24.669,5.103,2.927,3.971,-25.014,3.811,2.451,4.087,0.465,0.801,0.813,1.157
1477010464200000,-24.520,5.300,3.018,3.908,-25.014,3.811,2.451,4.087,0.465,0.804,0.812,1.156
1477010464250000,-24.367,5.494,3.108,3.844,-24.697,4.319,2.842,4.087,0.464,0.805,0.812,1.155
1477010464300000,-24.210,5.684,3.195,3.778,-24.697,4.319,2.842,4.087,0.465,0.806,0.811,1.154
1477010464350000,-24.048,5.871,3.280,3.711,-24.379,4.796,3.150,4.074,0.464,0.807,0.810,1.152
1477010464400000,-23.882,6.055,3.362,3.643,-24.379,4.796,3.150,4.074,0.464,0.808,0.809,1.151
1477010464450000,-23.712,6.235,3.443,3.574,-24.042,5.303,3.064,4.234,0.464,0.809,0.808,1.150
1477010464500000,-23.538,6.412,3.521,3.504,-24.042,5.303,3.064,4.234,0.464,0.810,0.808,1.150
1477010464550000,-23.360,6.586,3.598,3.432,-23.707,5.908,3.228,4.313,0.464,0.809,0.807,1.149
1477010464600000,-23.178,6.755,3.672,3.360,-23.707,5.908,3.228,4.313,0.464,0.809,0.806,1.149
1477010464650000,-22.993,6.921,3.744,3.288,-23.315,6.126,3.525,4.155,0.464,0.809,0.805,1.148
1477010464700000,-22.804,7.084,3.813,3.214,-23.315,6.126,3.525,4.155,0.464,0.810,0.805,1.148
1477010464750000,-22.612,7.243,3.881,3.140,-22.895,6.428,3.881,3.986,0.464,0.810,0.804,1.147
1477010464800000,-22.416,7.398,3.946,3.066,-22.895,6.428,3.881,3.986,0.464,0.810,0.803,1.147
1477010464850000,-22.217,7.549,4.010,2.991,-22.421,6.917,4.325,3.883,0.463,0.810,0.802,1.146
1477010464900000,-22.015,7.697,4.071,2.916,-22.421,6.917,4.325,3.883,0.463,0.810,0.801,1.146
1477010464950000,-21.810,7.841,4.130,2.841,-21.935,7.665,4.314,4.206,0.463,0.809,0.800,1.146
1477010465000000,-21.603,7.981,4.187,2.765,-21.935,7.665,4.314,4.206,0.462,0.808,0.799,1.147
1477010465050000,-21.392,8.117,4.242,2.690,-21.492,8.130,4.486,4.163,0.462,0.807,0.799,1.148
1477010465100000,-21.179,8.250,4.294,2.614,-21.492,8.130,4.486,4.163,0.462,0.806,0.798,1.149
1477010465150000,-20.963,8.378,4.345,2.539,-21.016,8.576,4.521,4.209,0.461,0.805,0.797,1.150
1477010465200000,-20.744,8.503,4.394,2.463,-21.016,8.576,4.521,4.209,0.461,0.805,0.796,1.152
1477010465250000,-20.524,8.625,4.441,2.388,-20.486,8.917,4.962,3.979,0.460,0.804,0.795,1.153
1477010465300000,-20.301,8.742,4.486,2.314,-20.486,8.917,4.962,3.979,0.460,0.803,0.795,1.155
1477010465350000,-20.075,8.856,4.529,2.239,-20.012,9.258,4.938,3.924,0.459,0.802,0.794,1.156
1477010465400000,-19.848,8.966,4.570,2.165,-20.012,9.258,4.938,3.924,0.459,0.801,0.794,1.158
1477010465450000,-19.619,9.072,4.609,2.092,-19.553,9.531,4.951,3.792,0.458,0.801,0.793,1.159
1477010465500000,-19.387,9.175,4.647,2.019,-19.553,9.531,4.951,3.792,0.458,0.800,0.792,1.161
1477010465550000,-19.154,9.274,4.683,1.947,-19.019,9.822,5.230,3.564,0.457,0.800,0.792,1.162
1477010465600000,-18.919,9.370,4.717,1.875,-19.019,9.822,5.230,3.564,0.457,0.799,0.791,1.163
1477010465650000,-18.683,9.462,4.749,1.804,-18.519,10.074,5.418,3.362,0.457,0.799,0.791,1.165
1477010465700000,-18.445,9.550,4.780,1.734,-18.519,10.074,5.418,3.362,0.456,0.798,0.791,1.166
1477010465750000,-18.205,9.635,4.810,1.665,-17.961,10.109,5.840,2.974,0.456,0.798,0.791,1.166
1477010465800000,-17.964,9.716,4.837,1.597,-17.961,10.109,5.840,2.974,0.455,0.797,0.792,1.167
1477010465850000,-17.721,9.795,4.864,1.530,-17.421,10.234,5.745,2.905,0.455,0.796,0.792,1.167
1477010465900000,-17.478,9.869,4.889,1.463,-17.421,10.234,5.745,2.905,0.454,0.796,0.792,1.168
1477010465950000,-17.233,9.941,4.912,1.398,-16.844,10.510,5.866,2.795,0.454,0.795,0.792,1.168
1477010466000000,-16.987,10.009,4.934,1.334,-16.844,10.510,5.866,2.795,0.454,0.795,0.793,1.169
1477010466050000,-16.740,10.074,4.955,1.271,-16.283,10.666,5.959,2.611,0.454,0.794,0.793,1.169
1477010466100000,-16.491,10.136,4.975,1.209,-16.283,10.666,5.959,2.611,0.453,0.794,0.794,1.170
1477010466150000,-16.242,10.195,4.993,1.149,-15.689,10.916,6.065,2.497,0.454,0.794,0.794,1.170
1477010466200000,-15.992,10.251,5.010,1.090,-15.689,10.916,6.065,2.497,0.453,0.793,0.795,1.171
1477010466250000,-15.742,10.304,5.027,1.032,-15.131,11.069,6.066,2.351,0.454,0.793,0.796,1.171
1477010466300000,-15.490,10.354,5.042,0.975,-15.131,11.069,6.066,2.351,0.454,0.793,0.796,1.172
1477010466350000,-15.238,10.402,5.056,0.920,-14.521,11.096,6.376,1.938,0.454,0.793,0.798,1.171
1477010466400000,-14.985,10.446,5.069,0.866,-14.521,11.096,6.376,1.938,0.454,0.793,0.799,1.171
1477010466450000,-14.731,10.488,5.081,0.813,-14.061,10.945,6.066,1.701,0.455,0.792,0.800,1.171
1477010466500000,-14.477,10.528,5.092,0.762,-14.061,10.945,6.066,1.701,0.455,0.792,0.800,1.170
1477010466550000,-14.222,10.564,5.103,0.713,-13.497,11.010,6.097,1.533,0.456,0.791,0.800,1.170
1477010466600000,-13.967,10.599,5.113,0.665,-13.497,11.010,6.097,1.533,0.456,0.790,0.801,1.169
1477010466650000,-13.711,10.631,5.122,0.618,-12.938,11.143,5.945,1.574,0.457,0.790,0.801,1.169
1477010466700000,-13.455,10.661,5.130,0.574,-12.938,11.143,5.945,1.574,0.457,0.789,0.801,1.168
1477010466750000,-13.198,10.688,5.137,0.530,-12.363,11.248,6.056,1.377,0.458,0.789,0.801,1.168
1477010466800000,-12.941,10.714,5.144,0.489,-12.363,11.248,6.056,1.377,0.458,0.789,0.802,1.167
1477010466850000,-12.684,10.737,5.151,0.448,-11.763,11.425,6.054,1.360,0.460,0.788,0.802,1.167
1477010466900000,-12.426,10.759,5.157,0.410,-11.763,11.425,6.054,1.360,0.460,0.788,0.802,1.166
1477010466950000,-12.168,10.778,5.162,0.373,-11.229,11.463,6.017,1.196,0.462,0.788,0.802,1.166
1477010467000000,-11.910,10.796,5.167,0.338,-11.229,11.463,6.017,1.196,0.462,0.788,0.802,1.165
1477010467050000,-11.652,10.812,5.171,0.305,-10.697,11.419,6.034,0.959,0.464,0.787,0.802,1.164
1477010467100000,-11.393,10.827,5.175,0.273,-10.697,11.419,6.034,0.959,0.464,0.787,0.802,1.164
1477010467150000,-11.134,10.839,5.178,0.243,-10.077,11.441,6.442,0.531,0.466,0.787,0.804,1.162
1477010467200000,-10.875,10.851,5.182,0.214,-10.077,11.441,6.442,0.531,0.467,0.786,0.805,1.161
1477010467250000,-10.616,10.861,5.184,0.188,-9.538,11.412,6.330,0.370,0.469,0.786,0.806,1.160
1477010467300000,-10.357,10.870,5.187,0.163,-9.538,11.412,6.330,0.370,0.470,0.785,0.807,1.159
1477010467350000,-10.098,10.877,5.189,0.140,-8.954,11.536,6.065,0.632,0.473,0.785,0.807,1.158
1477010467400000,-9.838,10.884,5.191,0.118,-8.954,11.536,6.065,0.632,0.474,0.785,0.807,1.157
1477010467450000,-9.579,10.889,5.193,0.099,-8.549,11.364,5.945,0.237,0.476,0.784,0.807,1.156
1477010467500000,-9.319,10.894,5.194,0.081,-8.549,11.364,5.945,0.237,0.476,0.784,0.807,1.155
1477010467550000,-9.059,10.897,5.196,0.065,-8.152,11.153,5.735,-0.033,0.478,0.783,0.806,1.154
1477010467600000,-8.799,10.900,5.197,0.050,-8.152,11.153,5.735,-0.033,0.478,0.783,0.806,1.152
1477010467650000,-8.540,10.902,5.198,0.038,-7.802,10.883,5.495,-0.324,0.479,0.782,0.805,1.151
1477010467700000,-8.280,10.904,5.198,0.027,-7.802,10.883,5.495,-0.324,0.479,0.781,0.804,1.150
1477010467750000,-8.020,10.905,5.199,0.018,-7.213,11.016,5.430,-0.086,0.480,0.780,0.804,1.149
1477010467800000,-7.760,10.906,5.199,0.011,-7.213,11.016,5.430,-0.086,0.480,0.779,0.803,1.148
1477010467850000,-7.500,10.906,5.200,0.005,-6.761,10.929,5.299,-0.139,0.480,0.779,0.802,1.147
1477010467900000,-7.240,10.906,5.200,0.002,-6.761,10.929,5.299,-0.139,0.480,0.778,0.801,1.146
