time,gt_x,gt_y,gt_vx,gt_vy,est_x,est_y,est_vx,est_vy,rmse_x,rmse_y,rmse_vx,rmse_vy
1477010443000000,0.600,0.600,5.200,0.000,0.312,0.580,0.000,0.000,0.288,0.020,5.200,0.000
1477010443050000,0.860,0.600,5.200,0.002,0.886,0.312,8.149,-3.868,0.204,0.204,4.227,2.737
1477010443100000,1.120,0.600,5.199,0.005,1.164,0.461,4.370,2.246,0.169,0.185,3.485,2.582
1477010443150000,1.380,0.601,5.199,0.011,1.299,0.538,4.073,2.246,0.152,0.163,3.070,2.500
1477010443200000,1.640,0.601,5.198,0.018,1.557,0.659,4.157,2.119,0.141,0.148,2.785,2.425
1477010443250000,1.900,0.602,5.198,0.027,1.823,0.654,4.735,1.445,0.132,0.137,2.549,2.288
1477010443300000,2.160,0.604,5.197,0.038,2.094,0.720,4.795,1.339,0.125,0.134,2.365,2.175
1477010443350000,2.420,0.606,5.196,0.050,2.333,0.729,4.899,1.066,0.121,0.133,2.215,2.066
1477010443400000,2.679,0.609,5.195,0.065,2.595,0.767,4.938,0.969,0.117,0.136,2.090,1.971
1477010443450000,2.939,0.613,5.193,0.081,2.873,0.748,5.124,0.643,0.113,0.136,1.983,1.878
1477010443500000,3.199,0.617,5.191,0.099,3.106,0.755,5.102,0.548,0.111,0.136,1.891,1.796
1477010443550000,3.458,0.623,5.190,0.118,3.395,0.664,5.233,0.016,0.108,0.131,1.810,1.720
1477010443600000,3.718,0.629,5.188,0.140,3.707,0.584,5.347,-0.359,0.104,0.126,1.740,1.658
1477010443650000,3.977,0.637,5.185,0.163,3.989,0.601,5.451,-0.206,0.100,0.122,1.678,1.601
1477010443700000,4.236,0.645,5.183,0.188,4.271,0.586,5.468,-0.225,0.097,0.119,1.623,1.550
1477010443750000,4.495,0.655,5.180,0.214,4.528,0.605,5.290,-0.124,0.095,0.116,1.571,1.503
1477010443800000,4.754,0.667,5.176,0.243,4.708,0.692,5.108,0.256,0.092,0.112,1.525,1.459
1477010443850000,5.013,0.680,5.173,0.273,4.963,0.685,4.972,0.163,0.091,0.109,1.482,1.418
1477010443900000,5.272,0.694,5.169,0.304,5.266,0.673,5.080,0.078,0.088,0.107,1.443,1.381
1477010443950000,5.530,0.710,5.164,0.338,5.527,0.677,5.285,0.100,0.086,0.104,1.407,1.347
1477010444000000,5.788,0.728,5.159,0.373,5.830,0.686,5.359,0.106,0.084,0.102,1.374,1.316
1477010444050000,6.046,0.748,5.154,0.410,6.070,0.620,5.093,-0.159,0.083,0.103,1.342,1.291
1477010444100000,6.304,0.769,5.148,0.448,6.322,0.722,5.076,0.236,0.081,0.101,1.313,1.264
1477010444150000,6.561,0.793,5.142,0.488,6.572,0.754,5.033,0.303,0.079,0.100,1.285,1.238
1477010444200000,6.818,0.818,5.135,0.530,6.818,0.751,5.025,0.240,0.078,0.099,1.259,1.214
1477010444250000,7.075,0.846,5.127,0.573,7.060,0.733,4.823,0.124,0.076,0.099,1.236,1.194
1477010444300000,7.331,0.875,5.119,0.618,7.269,0.822,4.750,0.410,0.076,0.098,1.215,1.172
1477010444350000,7.587,0.907,5.109,0.665,7.571,0.835,5.202,0.410,0.074,0.097,1.194,1.152
1477010444400000,7.842,0.942,5.100,0.712,7.829,0.805,5.206,0.239,0.073,0.099,1.173,1.135
1477010444450000,8.097,0.979,5.089,0.762,8.078,0.821,4.952,0.231,0.072,0.101,1.154,1.120
1477010444500000,8.351,1.018,5.078,0.813,8.312,0.837,4.925,0.248,0.071,0.105,1.135,1.107
1477010444550000,8.605,1.060,5.065,0.865,8.581,0.947,5.264,0.626,0.070,0.105,1.118,1.090
1477010444600000,8.858,1.105,5.052,0.919,8.825,1.008,5.220,0.729,0.069,0.105,1.101,1.074
1477010444650000,9.110,1.152,5.038,0.974,9.118,1.049,5.247,0.732,0.068,0.105,1.085,1.059
1477010444700000,9.362,1.202,5.023,1.031,9.361,1.074,5.209,0.701,0.067,0.105,1.070,1.045
1477010444750000,9.613,1.255,5.007,1.089,9.640,1.156,5.251,0.852,0.067,0.105,1.056,1.031
1477010444800000,9.863,1.311,4.989,1.148,9.919,1.293,5.266,1.156,0.066,0.104,1.043,1.017
1477010444850000,10.112,1.370,4.971,1.208,10.164,1.384,4.936,1.219,0.066,0.103,1.029,1.004
1477010444900000,10.360,1.432,4.951,1.270,10.382,1.456,4.877,1.262,0.065,0.101,1.016,0.991
1477010444950000,10.607,1.497,4.930,1.333,10.613,1.533,4.624,1.274,0.064,0.100,1.004,0.979
1477010445000000,10.853,1.565,4.908,1.397,10.830,1.542,4.608,1.102,0.064,0.099,0.993,0.968
1477010445050000,11.098,1.637,4.884,1.462,11.103,1.578,4.892,1.054,0.063,0.098,0.981,0.958
1477010445100000,11.342,1.712,4.859,1.528,11.389,1.615,4.976,0.999,0.063,0.098,0.970,0.950
1477010445150000,11.584,1.790,4.833,1.596,11.621,1.653,4.853,0.950,0.062,0.099,0.959,0.945
1477010445200000,11.825,1.871,4.805,1.664,11.848,1.722,4.818,1.022,0.062,0.101,0.948,0.939
1477010445250000,12.065,1.956,4.776,1.733,12.107,1.811,5.019,1.173,0.061,0.102,0.938,0.932
1477010445300000,12.303,2.045,4.745,1.803,12.356,1.835,5.021,1.063,0.061,0.105,0.929,0.929
1477010445350000,12.539,2.137,4.713,1.873,12.615,1.881,5.136,1.050,0.061,0.111,0.921,0.926
1477010445400000,12.774,2.232,4.678,1.945,12.815,2.045,5.002,1.416,0.061,0.113,0.913,0.920
1477010445450000,13.007,2.331,4.643,2.017,13.084,2.162,5.156,1.587,0.061,0.114,0.907,0.913
1477010445500000,13.239,2.434,4.605,2.090,13.291,2.322,5.034,1.854,0.061,0.114,0.900,0.904
1477010445550000,13.468,2.540,4.566,2.163,13.462,2.456,4.509,1.917,0.061,0.113,0.891,0.896
1477010445600000,13.696,2.651,4.524,2.237,13.709,2.575,4.548,1.980,0.060,0.113,0.883,0.889
1477010445650000,13.921,2.764,4.481,2.311,13.930,2.678,4.519,1.995,0.060,0.112,0.875,0.881
1477010445700000,14.144,2.882,4.437,2.386,14.157,2.844,4.505,2.201,0.059,0.112,0.867,0.874
1477010445750000,14.365,3.003,4.390,2.461,14.411,2.952,4.740,2.220,0.059,0.111,0.860,0.866
1477010445800000,14.583,3.128,4.341,2.536,14.623,3.007,4.704,2.052,0.059,0.111,0.854,0.861
1477010445850000,14.799,3.257,4.290,2.612,14.854,3.164,4.739,2.243,0.058,0.111,0.849,0.855
1477010445900000,15.012,3.389,4.237,2.687,15.066,3.377,4.657,2.563,0.058,0.110,0.843,0.848
1477010445950000,15.223,3.526,4.183,2.762,15.276,3.534,4.383,2.600,0.058,0.109,0.836,0.841
1477010446000000,15.431,3.666,4.126,2.838,15.489,3.732,4.351,2.810,0.058,0.108,0.830,0.834
1477010446050000,15.636,3.810,4.067,2.913,15.703,3.847,4.298,2.720,0.058,0.107,0.824,0.828
1477010446100000,15.837,3.957,4.006,2.988,15.927,3.987,4.317,2.729,0.059,0.107,0.818,0.822
1477010446150000,16.036,4.109,3.943,3.063,16.128,4.120,4.068,2.665,0.060,0.106,0.812,0.817
1477010446200000,16.232,4.264,3.877,3.137,16.319,4.335,4.021,2.918,0.060,0.105,0.806,0.811
1477010446250000,16.424,4.422,3.810,3.211,16.534,4.482,4.082,2.927,0.061,0.105,0.800,0.806
1477010446300000,16.613,4.585,3.740,3.284,16.711,4.657,4.017,3.021,0.062,0.104,0.795,0.800
1477010446350000,16.798,4.751,3.668,3.357,16.872,4.806,3.567,2.914,0.062,0.104,0.789,0.796
1477010446400000,16.980,4.921,3.594,3.429,17.021,5.065,3.471,3.268,0.062,0.105,0.784,0.791
1477010446450000,17.158,5.094,3.518,3.500,17.199,5.202,3.470,3.179,0.062,0.105,0.778,0.786
1477010446500000,17.332,5.271,3.440,3.570,17.352,5.398,3.416,3.300,0.061,0.105,0.773,0.781
1477010446550000,17.502,5.451,3.359,3.639,17.517,5.525,3.327,3.159,0.061,0.105,0.767,0.778
1477010446600000,17.668,5.635,3.276,3.708,17.707,5.651,3.383,3.054,0.061,0.104,0.762,0.776
1477010446650000,17.830,5.822,3.192,3.775,17.863,5.808,3.214,3.020,0.060,0.103,0.757,0.776
1477010446700000,17.987,6.013,3.105,3.840,18.027,6.040,3.191,3.262,0.060,0.103,0.752,0.774
1477010446750000,18.140,6.206,3.015,3.905,18.185,6.227,3.177,3.335,0.060,0.102,0.747,0.771
1477010446800000,18.289,6.403,2.924,3.968,18.297,6.516,3.028,3.718,0.060,0.102,0.743,0.767
1477010446850000,18.433,6.603,2.831,4.029,18.434,6.710,2.885,3.703,0.059,0.102,0.738,0.763
1477010446900000,18.572,6.806,2.736,4.089,18.583,6.842,2.916,3.545,0.059,0.102,0.733,0.760
1477010446950000,18.706,7.012,2.638,4.147,18.740,7.031,2.993,3.598,0.059,0.101,0.730,0.758
1477010447000000,18.836,7.221,2.539,4.203,18.943,7.176,3.121,3.471,0.059,0.100,0.728,0.758
1477010447050000,18.960,7.433,2.438,4.257,19.043,7.335,2.724,3.337,0.060,0.100,0.724,0.760
1477010447100000,19.080,7.647,2.335,4.310,19.111,7.669,2.511,3.858,0.059,0.100,0.720,0.757
1477010447150000,19.194,7.864,2.229,4.360,19.240,7.855,2.520,3.838,0.059,0.099,0.717,0.755
1477010447200000,19.303,8.083,2.123,4.408,19.310,8.103,2.380,4.027,0.059,0.099,0.713,0.751
1477010447250000,19.406,8.305,2.014,4.454,19.413,8.298,2.360,4.020,0.059,0.098,0.710,0.748
1477010447300000,19.504,8.529,1.904,4.498,19.512,8.439,2.344,3.854,0.058,0.098,0.707,0.747
1477010447350000,19.597,8.755,1.792,4.540,19.615,8.616,2.179,3.753,0.058,0.099,0.705,0.748
1477010447400000,19.683,8.983,1.678,4.578,19.773,8.810,2.282,3.752,0.058,0.100,0.703,0.749
1477010447450000,19.765,9.213,1.563,4.615,19.859,9.001,2.045,3.685,0.059,0.102,0.701,0.751
1477010447500000,19.840,9.445,1.447,4.649,19.974,9.275,2.032,3.936,0.060,0.103,0.700,0.750
1477010447550000,19.909,9.678,1.329,4.680,20.032,9.464,1.707,3.816,0.061,0.105,0.698,0.752
1477010447600000,19.973,9.913,1.210,4.708,20.098,9.752,1.619,4.102,0.062,0.105,0.695,0.750
1477010447650000,20.030,10.149,1.090,4.734,20.155,10.006,1.580,4.287,0.063,0.106,0.693,0.748
1477010447700000,20.082,10.386,0.968,4.757,20.189,10.325,1.425,4.600,0.064,0.105,0.691,0.744
1477010447750000,20.127,10.625,0.846,4.777,20.209,10.544,1.058,4.461,0.064,0.105,0.688,0.741
1477010447800000,20.166,10.864,0.722,4.793,20.258,10.848,1.010,4.688,0.065,0.105,0.685,0.737
1477010447850000,20.199,11.104,0.598,4.807,20.278,11.113,0.878,4.760,0.065,0.104,0.682,0.733
1477010447900000,20.226,11.345,0.473,4.818,20.321,11.350,0.876,4.760,0.065,0.104,0.680,0.730
1477010447950000,20.247,11.586,0.347,4.826,20.278,11.568,0.277,4.489,0.065,0.103,0.676,0.727
1477010448000000,20.261,11.828,0.220,4.830,20.351,11.807,0.408,4.495,0.065,0.103,0.673,0.724
1477010448050000,20.269,12.069,0.093,4.832,20.374,12.037,0.576,4.608,0.066,0.102,0.672,0.721
1477010448100000,20.270,12.311,-0.034,4.830,20.355,12.363,0.419,4.898,0.066,0.102,0.670,0.717
1477010448150000,20.265,12.552,-0.162,4.825,20.317,12.572,-0.090,4.580,0.066,0.101,0.667,0.714
1477010448200000,20.254,12.793,-0.289,4.816,20.346,12.811,-0.018,4.590,0.066,0.101,0.664,0.711
1477010448250000,20.236,13.034,-0.417,4.804,20.346,13.013,-0.130,4.437,0.067,0.100,0.662,0.709
1477010448300000,20.212,13.274,-0.545,4.789,20.313,13.229,-0.188,4.433,0.067,0.100,0.659,0.706
1477010448350000,20.182,13.513,-0.673,4.771,20.282,13.442,-0.287,4.384,0.067,0.100,0.657,0.704
1477010448400000,20.145,13.751,-0.801,4.749,20.252,13.739,-0.364,4.602,0.068,0.099,0.656,0.701
1477010448450000,20.102,13.988,-0.928,4.724,20.208,13.938,-0.634,4.380,0.068,0.099,0.653,0.698
1477010448500000,20.052,14.223,-1.055,4.695,20.139,14.231,-0.760,4.601,0.068,0.099,0.651,0.695
1477010448550000,19.996,14.457,-1.181,4.663,20.072,14.441,-0.943,4.471,0.069,0.098,0.648,0.692
1477010448600000,19.934,14.690,-1.307,4.628,19.948,14.737,-1.166,4.708,0.068,0.098,0.646,0.689
1477010448650000,19.865,14.920,-1.432,4.589,19.881,14.938,-1.235,4.575,0.068,0.097,0.643,0.686
1477010448700000,19.791,15.149,-1.556,4.548,19.866,15.154,-1.116,4.512,0.068,0.097,0.642,0.683
1477010448750000,19.710,15.375,-1.679,4.502,19.760,15.327,-1.750,3.968,0.068,0.097,0.639,0.682
1477010448800000,19.623,15.599,-1.801,4.454,19.732,15.503,-1.594,3.872,0.068,0.097,0.636,0.681
1477010448850000,19.530,15.820,-1.922,4.402,19.656,15.679,-1.585,3.815,0.069,0.097,0.634,0.681
1477010448900000,19.431,16.039,-2.041,4.347,19.530,15.933,-1.731,4.011,0.069,0.097,0.632,0.678
1477010448950000,19.326,16.255,-2.159,4.289,19.432,16.125,-1.753,3.995,0.070,0.097,0.631,0.676
1477010449000000,19.215,16.468,-2.276,4.227,19.323,16.321,-1.806,4.000,0.070,0.098,0.630,0.674
1477010449050000,19.098,16.678,-2.391,4.163,19.215,16.497,-2.026,3.782,0.071,0.099,0.628,0.672
1477010449100000,18.976,16.884,-2.504,4.095,19.061,16.753,-2.193,3.988,0.071,0.099,0.626,0.669
1477010449150000,18.848,17.087,-2.616,4.025,18.915,16.931,-2.659,3.570,0.071,0.100,0.624,0.668
1477010449200000,18.714,17.287,-2.725,3.951,18.695,17.223,-2.944,3.910,0.071,0.100,0.621,0.665
1477010449250000,18.575,17.482,-2.833,3.875,18.575,17.428,-2.685,4.095,0.070,0.099,0.619,0.663
1477010449300000,18.431,17.674,-2.939,3.796,18.354,17.655,-2.919,4.205,0.070,0.099,0.617,0.661
1477010449350000,18.281,17.862,-3.042,3.714,18.199,17.846,-2.990,4.098,0.070,0.099,0.614,0.659
1477010449400000,18.127,18.045,-3.143,3.629,18.098,18.026,-2.855,4.008,0.070,0.098,0.612,0.658
1477010449450000,17.967,18.225,-3.242,3.542,17.923,18.169,-3.232,3.563,0.070,0.098,0.610,0.655
1477010449500000,17.803,18.399,-3.338,3.452,17.822,18.286,-3.044,3.372,0.070,0.098,0.608,0.653
1477010449550000,17.633,18.570,-3.432,3.360,17.697,18.449,-3.043,3.266,0.070,0.098,0.607,0.650
1477010449600000,17.459,18.735,-3.524,3.265,17.483,18.664,-3.229,3.435,0.069,0.098,0.605,0.648
1477010449650000,17.281,18.896,-3.613,3.168,17.308,18.789,-3.434,3.118,0.069,0.098,0.603,0.646
1477010449700000,17.098,19.052,-3.699,3.069,17.157,18.921,-3.368,3.046,0.069,0.098,0.601,0.643
1477010449750000,16.911,19.203,-3.782,2.968,16.986,19.088,-3.454,2.997,0.069,0.099,0.600,0.641
1477010449800000,16.720,19.349,-3.863,2.865,16.764,19.216,-3.574,2.975,0.069,0.099,0.598,0.638
1477010449850000,16.525,19.489,-3.940,2.759,16.565,19.370,-3.776,2.809,0.069,0.099,0.596,0.636
1477010449900000,16.326,19.625,-4.015,2.652,16.315,19.562,-3.971,2.965,0.069,0.099,0.594,0.634
1477010449950000,16.124,19.755,-4.087,2.544,16.085,19.640,-4.215,2.597,0.069,0.099,0.592,0.632
1477010450000000,15.918,19.879,-4.156,2.433,15.876,19.792,-4.221,2.649,0.068,0.099,0.590,0.630
1477010450050000,15.708,19.998,-4.222,2.321,15.680,19.909,-4.137,2.646,0.068,0.099,0.588,0.629
1477010450100000,15.496,20.111,-4.285,2.208,15.440,20.088,-4.251,2.778,0.068,0.098,0.586,0.628
1477010450150000,15.280,20.219,-4.344,2.093,15.202,20.240,-4.441,2.640,0.068,0.098,0.584,0.628
1477010450200000,15.061,20.320,-4.401,1.978,15.046,20.359,-4.247,2.575,0.068,0.098,0.582,0.627
1477010450250000,14.840,20.416,-4.454,1.861,14.805,20.440,-4.482,2.239,0.068,0.098,0.580,0.626
1477010450300000,14.616,20.506,-4.504,1.743,14.603,20.555,-4.423,2.234,0.068,0.097,0.578,0.625
1477010450350000,14.390,20.590,-4.551,1.624,14.354,20.645,-4.648,1.948,0.067,0.097,0.576,0.624
1477010450400000,14.161,20.669,-4.595,1.504,14.117,20.712,-4.646,1.884,0.067,0.097,0.574,0.622
1477010450450000,13.930,20.741,-4.636,1.384,13.869,20.785,-4.810,1.643,0.067,0.097,0.573,0.621
1477010450500000,13.698,20.807,-4.674,1.263,13.590,20.852,-4.912,1.630,0.068,0.096,0.571,0.619
1477010450550000,13.463,20.867,-4.708,1.142,13.331,20.885,-5.125,1.226,0.068,0.096,0.570,0.617
1477010450600000,13.227,20.921,-4.739,1.020,13.102,20.912,-5.032,1.133,0.069,0.096,0.569,0.615
1477010450650000,12.990,20.969,-4.767,0.898,12.859,20.971,-5.057,1.052,0.069,0.095,0.567,0.614
1477010450700000,12.751,21.011,-4.792,0.775,12.699,20.997,-4.783,0.944,0.069,0.095,0.565,0.612
1477010450750000,12.511,21.047,-4.814,0.653,12.430,21.041,-4.958,0.768,0.069,0.095,0.564,0.610
1477010450800000,12.269,21.076,-4.832,0.531,12.187,21.083,-4.945,0.775,0.069,0.094,0.562,0.608
1477010450850000,12.028,21.100,-4.848,0.409,11.938,21.102,-5.064,0.523,0.070,0.094,0.561,0.606
1477010450900000,11.785,21.117,-4.860,0.287,11.717,21.066,-4.946,0.369,0.069,0.094,0.559,0.604
1477010450950000,11.542,21.128,-4.870,0.165,11.459,21.050,-5.042,0.144,0.070,0.094,0.557,0.603
1477010451000000,11.298,21.134,-4.876,0.044,11.265,21.041,-4.869,0.079,0.069,0.094,0.556,0.601
1477010451050000,11.054,21.133,-4.880,-0.077,10.998,21.000,-5.002,-0.175,0.069,0.094,0.554,0.599
1477010451100000,10.810,21.126,-4.881,-0.197,10.811,20.960,-4.806,-0.275,0.069,0.095,0.552,0.597
1477010451150000,10.567,21.113,-4.878,-0.316,10.537,20.961,-4.894,-0.182,0.069,0.095,0.551,0.595
1477010451200000,10.323,21.094,-4.873,-0.435,10.222,21.021,-5.126,-0.008,0.069,0.095,0.549,0.594
1477010451250000,10.080,21.070,-4.866,-0.552,9.955,21.007,-5.257,-0.259,0.070,0.095,0.548,0.593
1477010451300000,9.837,21.039,-4.856,-0.669,9.815,20.957,-4.882,-0.391,0.069,0.095,0.547,0.592
1477010451350000,9.594,21.003,-4.843,-0.785,9.567,20.945,-4.892,-0.358,0.069,0.095,0.545,0.591
1477010451400000,9.353,20.961,-4.827,-0.900,9.415,20.893,-4.605,-0.472,0.069,0.095,0.544,0.590
1477010451450000,9.112,20.913,-4.809,-1.014,9.185,20.848,-4.710,-0.777,0.069,0.094,0.542,0.589
1477010451500000,8.872,20.859,-4.789,-1.126,8.849,20.838,-5.017,-0.669,0.069,0.094,0.541,0.588
1477010451550000,8.633,20.800,-4.766,-1.237,8.621,20.756,-5.027,-0.985,0.069,0.094,0.540,0.586
1477010451600000,8.396,20.736,-4.741,-1.347,8.335,20.675,-5.112,-1.040,0.069,0.094,0.539,0.585
1477010451650000,8.159,20.666,-4.714,-1.455,8.082,20.598,-5.160,-1.263,0.069,0.094,0.538,0.584
1477010451700000,7.924,20.590,-4.685,-1.562,7.858,20.510,-5.050,-1.329,0.069,0.094,0.538,0.582
1477010451750000,7.691,20.510,-4.653,-1.668,7.618,20.428,-5.101,-1.609,0.069,0.093,0.537,0.581
1477010451800000,7.459,20.424,-4.620,-1.772,7.284,20.376,-5.345,-1.519,0.070,0.093,0.538,0.579
1477010451850000,7.229,20.333,-4.584,-1.874,7.017,20.285,-5.358,-1.615,0.072,0.093,0.540,0.578
1477010451900000,7.001,20.236,-4.547,-1.975,6.778,20.194,-5.268,-1.646,0.073,0.093,0.541,0.577
1477010451950000,6.775,20.135,-4.509,-2.074,6.525,20.105,-5.263,-1.746,0.075,0.093,0.543,0.576
1477010452000000,6.551,20.029,-4.468,-2.171,6.315,20.005,-5.098,-1.790,0.077,0.092,0.543,0.575
1477010452050000,6.328,19.918,-4.426,-2.266,6.076,19.913,-5.096,-1.956,0.079,0.092,0.544,0.574
1477010452100000,6.108,19.803,-4.382,-2.360,5.837,19.815,-5.049,-1.962,0.082,0.092,0.545,0.573
1477010452150000,5.890,19.682,-4.337,-2.452,5.570,19.674,-5.151,-2.327,0.085,0.092,0.546,0.572
1477010452200000,5.675,19.558,-4.291,-2.542,5.471,19.530,-4.658,-2.427,0.086,0.091,0.546,0.570
1477010452250000,5.461,19.428,-4.244,-2.630,5.259,19.379,-4.619,-2.605,0.087,0.091,0.545,0.569
1477010452300000,5.251,19.295,-4.195,-2.716,5.073,19.273,-4.489,-2.569,0.088,0.091,0.544,0.567
1477010452350000,5.042,19.157,-4.145,-2.801,4.888,19.156,-4.361,-2.533,0.088,0.091,0.543,0.566
1477010452400000,4.836,19.015,-4.094,-2.883,4.768,19.003,-4.058,-2.619,0.088,0.091,0.541,0.565
1477010452450000,4.633,18.869,-4.043,-2.964,4.542,18.852,-4.166,-2.894,0.088,0.090,0.540,0.563
1477010452500000,4.432,18.719,-3.990,-3.042,4.383,18.721,-4.017,-2.877,0.088,0.090,0.538,0.562
1477010452550000,4.234,18.565,-3.937,-3.119,4.203,18.575,-3.943,-2.864,0.088,0.090,0.537,0.561
1477010452600000,4.039,18.407,-3.883,-3.194,4.113,18.423,-3.613,-2.909,0.088,0.090,0.536,0.560
1477010452650000,3.846,18.246,-3.828,-3.266,3.907,18.250,-3.757,-3.424,0.087,0.089,0.535,0.558
1477010452700000,3.656,18.081,-3.773,-3.337,3.602,18.110,-4.127,-3.339,0.087,0.089,0.534,0.557
1477010452750000,3.469,17.912,-3.718,-3.406,3.440,17.957,-3.954,-3.182,0.087,0.089,0.533,0.556
1477010452800000,3.284,17.740,-3.662,-3.473,3.195,17.797,-4.101,-3.174,0.087,0.089,0.532,0.555
1477010452850000,3.103,17.565,-3.606,-3.538,2.975,17.615,-4.180,-3.518,0.087,0.089,0.532,0.553
1477010452900000,2.924,17.387,-3.550,-3.602,2.824,17.496,-4.004,-3.416,0.087,0.089,0.532,0.552
1477010452950000,2.748,17.205,-3.493,-3.663,2.646,17.280,-3.983,-3.807,0.088,0.089,0.532,0.551
1477010453000000,2.575,17.021,-3.437,-3.723,2.494,17.084,-3.837,-3.829,0.087,0.089,0.531,0.550
1477010453050000,2.404,16.833,-3.381,-3.780,2.316,16.918,-3.764,-3.544,0.087,0.089,0.531,0.548
1477010453100000,2.237,16.643,-3.324,-3.836,2.178,16.751,-3.608,-3.532,0.087,0.089,0.530,0.547
1477010453150000,2.072,16.450,-3.268,-3.890,1.979,16.552,-3.666,-3.567,0.087,0.089,0.529,0.547
1477010453200000,1.910,16.254,-3.212,-3.942,1.847,16.324,-3.504,-3.669,0.087,0.089,0.528,0.546
1477010453250000,1.751,16.056,-3.157,-3.993,1.675,16.147,-3.493,-3.658,0.087,0.089,0.528,0.545
1477010453300000,1.595,15.855,-3.101,-4.041,1.473,15.986,-3.579,-3.612,0.087,0.089,0.527,0.544
1477010453350000,1.441,15.652,-3.046,-4.088,1.309,15.752,-3.563,-4.090,0.088,0.089,0.527,0.543
1477010453400000,1.290,15.446,-2.992,-4.134,1.158,15.526,-3.478,-4.135,0.088,0.089,0.527,0.542
1477010453450000,1.142,15.239,-2.938,-4.177,0.973,15.332,-3.511,-4.076,0.089,0.089,0.527,0.540
1477010453500000,0.996,15.029,-2.885,-4.219,0.768,15.110,-3.606,-4.111,0.090,0.089,0.528,0.539
1477010453550000,0.854,14.817,-2.832,-4.260,0.615,14.928,-3.511,-3.975,0.091,0.089,0.529,0.538
1477010453600000,0.713,14.603,-2.781,-4.299,0.570,14.719,-3.100,-4.004,0.091,0.089,0.528,0.537
1477010453650000,0.576,14.387,-2.730,-4.336,0.436,14.473,-3.043,-4.386,0.092,0.089,0.528,0.536
1477010453700000,0.440,14.170,-2.679,-4.372,0.272,14.246,-3.082,-4.400,0.092,0.089,0.527,0.535
1477010453750000,0.308,13.950,-2.630,-4.406,0.111,13.989,-3.095,-4.767,0.093,0.089,0.527,0.534
1477010453800000,0.178,13.729,-2.581,-4.439,0.175,13.735,-2.405,-4.794,0.093,0.089,0.526,0.534
1477010453850000,0.050,13.507,-2.534,-4.471,0.054,13.491,-2.405,-4.898,0.092,0.089,0.525,0.533
1477010453900000,-0.076,13.282,-2.487,-4.501,-0.120,13.254,-2.576,-4.885,0.092,0.088,0.523,0.533
1477010453950000,-0.199,13.057,-2.442,-4.530,-0.253,13.036,-2.594,-4.651,0.092,0.088,0.522,0.531
1477010454000000,-0.320,12.830,-2.397,-4.557,-0.198,12.824,-2.005,-4.602,0.092,0.088,0.522,0.530
1477010454050000,-0.439,12.601,-2.354,-4.583,-0.334,12.596,-2.129,-4.486,0.092,0.088,0.521,0.529
1477010454100000,-0.555,12.371,-2.312,-4.608,-0.456,12.370,-2.179,-4.491,0.092,0.088,0.520,0.528
1477010454150000,-0.670,12.140,-2.271,-4.632,-0.600,12.158,-2.287,-4.506,0.092,0.087,0.519,0.527
1477010454200000,-0.782,11.908,-2.231,-4.655,-0.657,11.952,-2.101,-4.460,0.092,0.087,0.518,0.526
1477010454250000,-0.893,11.675,-2.193,-4.676,-0.809,11.715,-2.246,-4.566,0.092,0.087,0.516,0.525
1477010454300000,-1.002,11.441,-2.156,-4.696,-1.029,11.467,-2.592,-4.626,0.092,0.087,0.516,0.524
1477010454350000,-1.109,11.206,-2.120,-4.715,-1.133,11.238,-2.520,-4.495,0.092,0.087,0.516,0.523
1477010454400000,-1.214,10.969,-2.086,-4.734,-1.314,11.015,-2.696,-4.499,0.092,0.087,0.516,0.522
1477010454450000,-1.317,10.732,-2.053,-4.751,-1.423,10.760,-2.572,-4.877,0.092,0.087,0.516,0.521
1477010454500000,-1.419,10.495,-2.021,-4.767,-1.532,10.501,-2.511,-4.903,0.092,0.086,0.516,0.520
1477010454550000,-1.519,10.256,-1.991,-4.782,-1.646,10.230,-2.453,-5.099,0.092,0.086,0.516,0.519
1477010454600000,-1.618,10.016,-1.962,-4.796,-1.698,10.025,-2.218,-4.981,0.092,0.086,0.515,0.518
1477010454650000,-1.715,9.776,-1.935,-4.809,-1.783,9.795,-2.140,-4.866,0.092,0.086,0.514,0.517
1477010454700000,-1.811,9.536,-1.909,-4.822,-1.820,9.586,-1.911,-4.779,0.092,0.086,0.513,0.516
1477010454750000,-1.906,9.294,-1.885,-4.833,-1.951,9.324,-1.985,-5.005,0.092,0.086,0.512,0.515
1477010454800000,-2.000,9.052,-1.862,-4.844,-2.022,9.026,-1.907,-5.092,0.092,0.085,0.511,0.514
1477010454850000,-2.093,8.810,-1.841,-4.853,-2.093,8.808,-1.848,-4.873,0.092,0.085,0.510,0.513
1477010454900000,-2.184,8.567,-1.822,-4.862,-2.183,8.560,-1.843,-4.880,0.091,0.085,0.509,0.512
1477010454950000,-2.275,8.324,-1.804,-4.870,-2.332,8.294,-2.015,-5.002,0.091,0.085,0.508,0.511
1477010455000000,-2.365,8.080,-1.787,-4.878,-2.346,8.077,-1.730,-4.886,0.091,0.085,0.507,0.510
1477010455050000,-2.453,7.836,-1.772,-4.884,-2.386,7.873,-1.560,-4.802,0.091,0.085,0.506,0.509
1477010455100000,-2.542,7.592,-1.759,-4.890,-2.515,7.619,-1.730,-4.855,0.091,0.084,0.505,0.508
1477010455150000,-2.629,7.347,-1.748,-4.895,-2.694,7.371,-2.096,-4.763,0.091,0.084,0.504,0.507
1477010455200000,-2.717,7.102,-1.738,-4.899,-2.804,7.119,-2.117,-4.795,0.091,0.084,0.504,0.506
1477010455250000,-2.803,6.857,-1.730,-4.903,-2.861,6.885,-1.877,-4.958,0.091,0.084,0.503,0.505
1477010455300000,-2.890,6.612,-1.723,-4.906,-2.864,6.700,-1.570,-4.766,0.090,0.084,0.502,0.504
1477010455350000,-2.976,6.367,-1.718,-4.908,-2.890,6.494,-1.456,-4.504,0.090,0.084,0.501,0.503
1477010455400000,-3.061,6.121,-1.715,-4.909,-2.946,6.265,-1.403,-4.499,0.091,0.084,0.501,0.503
1477010455450000,-3.147,5.876,-1.713,-4.910,-3.084,6.003,-1.564,-4.743,0.090,0.085,0.500,0.502
1477010455500000,-3.233,5.630,-1.713,-4.910,-3.187,5.715,-1.663,-4.882,0.090,0.085,0.499,0.501
1477010455550000,-3.318,5.385,-1.715,-4.909,-3.296,5.464,-1.841,-4.775,0.090,0.085,0.498,0.500
1477010455600000,-3.404,5.140,-1.718,-4.907,-3.410,5.195,-1.924,-4.866,0.090,0.085,0.497,0.499
1477010455650000,-3.490,4.894,-1.723,-4.905,-3.478,4.947,-1.747,-4.980,0.090,0.084,0.496,0.498
1477010455700000,-3.577,4.649,-1.729,-4.902,-3.616,4.647,-1.927,-5.155,0.090,0.084,0.495,0.497
1477010455750000,-3.663,4.404,-1.738,-4.899,-3.715,4.394,-2.046,-5.018,0.090,0.084,0.495,0.497
1477010455800000,-3.750,4.159,-1.747,-4.894,-3.874,4.106,-2.230,-5.171,0.090,0.084,0.495,0.496
1477010455850000,-3.838,3.915,-1.759,-4.889,-3.946,3.867,-1.957,-5.225,0.090,0.084,0.494,0.495
1477010455900000,-3.926,3.670,-1.772,-4.883,-3.991,3.655,-1.779,-5.035,0.090,0.084,0.493,0.495
1477010455950000,-4.015,3.426,-1.787,-4.877,-4.059,3.477,-1.781,-4.710,0.090,0.084,0.492,0.494
1477010456000000,-4.105,3.182,-1.803,-4.869,-4.151,3.236,-1.791,-4.729,0.089,0.084,0.491,0.493
1477010456050000,-4.196,2.939,-1.821,-4.861,-4.274,2.975,-1.990,-4.769,0.089,0.083,0.490,0.492
1477010456100000,-4.287,2.696,-1.841,-4.852,-4.376,2.692,-2.028,-4.910,0.089,0.083,0.489,0.491
1477010456150000,-4.380,2.454,-1.862,-4.842,-4.462,2.442,-1.909,-4.955,0.089,0.083,0.488,0.490
1477010456200000,-4.474,2.212,-1.884,-4.831,-4.576,2.164,-1.971,-5.071,0.089,0.083,0.487,0.489
1477010456250000,-4.568,1.971,-1.909,-4.820,-4.659,1.962,-2.120,-4.794,0.089,0.083,0.487,0.488
1477010456300000,-4.664,1.730,-1.934,-4.808,-4.797,1.666,-2.228,-5.008,0.090,0.083,0.486,0.488
1477010456350000,-4.762,1.490,-1.961,-4.794,-4.918,1.417,-2.303,-4.996,0.090,0.083,0.486,0.487
1477010456400000,-4.861,1.250,-1.990,-4.780,-4.957,1.221,-2.119,-4.771,0.090,0.083,0.485,0.486
1477010456450000,-4.961,1.012,-2.020,-4.765,-5.043,1.021,-2.018,-4.633,0.090,0.082,0.484,0.485
1477010456500000,-5.063,0.774,-2.052,-4.748,-5.089,0.813,-1.900,-4.532,0.090,0.082,0.483,0.484
1477010456550000,-5.166,0.537,-2.085,-4.731,-5.206,0.471,-2.148,-4.962,0.090,0.082,0.482,0.484
1477010456600000,-5.271,0.301,-2.119,-4.713,-5.279,0.238,-2.082,-4.905,0.090,0.082,0.481,0.483
1477010456650000,-5.378,0.065,-2.155,-4.694,-5.396,-0.073,-1.926,-5.138,0.089,0.083,0.481,0.483
1477010456700000,-5.487,-0.169,-2.192,-4.673,-5.458,-0.290,-1.866,-4.998,0.089,0.083,0.480,0.482
1477010456750000,-5.597,-0.402,-2.230,-4.652,-5.562,-0.432,-1.978,-4.607,0.089,0.083,0.480,0.482
1477010456800000,-5.710,-0.634,-2.270,-4.629,-5.693,-0.592,-2.046,-4.343,0.089,0.082,0.479,0.481
1477010456850000,-5.825,-0.865,-2.311,-4.605,-5.811,-0.810,-2.421,-4.400,0.089,0.082,0.478,0.480
1477010456900000,-5.941,-1.095,-2.353,-4.580,-5.921,-1.107,-2.381,-4.680,0.089,0.082,0.477,0.479
1477010456950000,-6.060,-1.323,-2.396,-4.554,-6.012,-1.397,-2.267,-4.878,0.089,0.082,0.476,0.479
1477010457000000,-6.181,-1.550,-2.440,-4.526,-6.153,-1.594,-2.345,-4.703,0.088,0.082,0.476,0.478
1477010457050000,-6.304,-1.776,-2.486,-4.498,-6.297,-1.834,-2.695,-4.793,0.088,0.082,0.475,0.478
1477010457100000,-6.430,-2.000,-2.532,-4.467,-6.413,-2.098,-2.645,-4.887,0.088,0.082,0.474,0.478
1477010457150000,-6.557,-2.223,-2.579,-4.436,-6.561,-2.288,-2.563,-4.647,0.088,0.082,0.473,0.477
1477010457200000,-6.688,-2.444,-2.628,-4.403,-6.712,-2.489,-2.624,-4.532,0.088,0.082,0.473,0.476
1477010457250000,-6.820,-2.663,-2.677,-4.368,-6.868,-2.699,-2.744,-4.484,0.088,0.082,0.472,0.475
1477010457300000,-6.955,-2.881,-2.727,-4.333,-6.957,-2.998,-2.602,-4.753,0.087,0.082,0.471,0.475
1477010457350000,-7.093,-3.097,-2.778,-4.295,-7.083,-3.226,-2.523,-4.688,0.087,0.082,0.470,0.475
1477010457400000,-7.233,-3.311,-2.830,-4.256,-7.206,-3.398,-2.550,-4.496,0.087,0.082,0.470,0.474
1477010457450000,-7.376,-3.522,-2.883,-4.216,-7.347,-3.672,-2.597,-4.664,0.087,0.083,0.469,0.474
1477010457500000,-7.522,-3.732,-2.936,-4.174,-7.514,-3.759,-2.767,-4.201,0.087,0.082,0.469,0.473
1477010457550000,-7.670,-3.940,-2.990,-4.130,-7.660,-3.969,-2.899,-4.259,0.087,0.082,0.468,0.473
1477010457600000,-7.821,-4.145,-3.044,-4.085,-7.811,-4.216,-2.893,-4.355,0.087,0.082,0.467,0.472
1477010457650000,-7.975,-4.349,-3.099,-4.038,-7.958,-4.446,-2.891,-4.388,0.086,0.082,0.467,0.472
1477010457700000,-8.131,-4.549,-3.154,-3.989,-8.116,-4.700,-2.903,-4.480,0.086,0.083,0.466,0.472
1477010457750000,-8.290,-4.748,-3.209,-3.939,-8.251,-4.906,-2.689,-4.314,0.086,0.083,0.466,0.471
1477010457800000,-8.452,-4.943,-3.265,-3.886,-8.376,-5.121,-2.667,-4.318,0.086,0.083,0.467,0.471
1477010457850000,-8.617,-5.136,-3.321,-3.832,-8.523,-5.275,-2.678,-4.091,0.086,0.084,0.467,0.471
1477010457900000,-8.784,-5.327,-3.377,-3.777,-8.710,-5.466,-2.809,-4.020,0.086,0.084,0.468,0.470
1477010457950000,-8.955,-5.514,-3.434,-3.719,-8.869,-5.669,-2.912,-4.057,0.086,0.084,0.468,0.470
1477010458000000,-9.128,-5.699,-3.490,-3.660,-9.026,-5.846,-2.955,-3.974,0.086,0.085,0.468,0.469
1477010458050000,-9.304,-5.880,-3.546,-3.598,-9.166,-5.991,-2.906,-3.785,0.086,0.085,0.469,0.469
1477010458100000,-9.483,-6.059,-3.603,-3.535,-9.349,-6.057,-3.065,-3.409,0.087,0.085,0.469,0.468
1477010458150000,-9.664,-6.234,-3.659,-3.470,-9.528,-6.245,-3.228,-3.519,0.087,0.084,0.469,0.467
1477010458200000,-9.849,-6.406,-3.714,-3.403,-9.659,-6.476,-3.123,-3.694,0.087,0.084,0.469,0.467
1477010458250000,-10.036,-6.574,-3.770,-3.334,-9.890,-6.629,-3.484,-3.655,0.088,0.084,0.469,0.466
1477010458300000,-10.226,-6.739,-3.825,-3.263,-10.099,-6.801,-3.572,-3.603,0.088,0.084,0.468,0.466
1477010458350000,-10.419,-6.901,-3.879,-3.190,-10.284,-6.965,-3.630,-3.576,0.088,0.084,0.468,0.466
1477010458400000,-10.614,-7.058,-3.933,-3.116,-10.519,-7.161,-3.746,-3.593,0.088,0.084,0.467,0.466
1477010458450000,-10.812,-7.212,-3.986,-3.039,-10.723,-7.300,-3.797,-3.461,0.088,0.084,0.467,0.466
1477010458500000,-11.013,-7.363,-4.039,-2.961,-10.975,-7.471,-3.944,-3.418,0.088,0.084,0.466,0.466
1477010458550000,-11.216,-7.509,-4.090,-2.880,-11.155,-7.617,-3.810,-3.285,0.088,0.084,0.465,0.465
1477010458600000,-11.422,-7.651,-4.141,-2.798,-11.297,-7.775,-3.699,-3.296,0.088,0.085,0.465,0.466
1477010458650000,-11.630,-7.788,-4.191,-2.713,-11.484,-7.910,-3.719,-3.207,0.088,0.085,0.465,0.466
1477010458700000,-11.841,-7.922,-4.239,-2.627,-11.665,-8.000,-3.747,-3.013,0.089,0.085,0.465,0.465
1477010458750000,-12.055,-8.051,-4.287,-2.539,-11.846,-8.124,-3.628,-2.862,0.089,0.085,0.466,0.465
1477010458800000,-12.270,-8.176,-4.333,-2.449,-12.065,-8.197,-3.754,-2.643,0.090,0.085,0.467,0.464
1477010458850000,-12.488,-8.296,-4.378,-2.358,-12.297,-8.329,-4.142,-2.799,0.090,0.084,0.466,0.464
1477010458900000,-12.708,-8.412,-4.422,-2.264,-12.510,-8.405,-4.191,-2.616,0.091,0.084,0.465,0.464
1477010458950000,-12.930,-8.523,-4.464,-2.169,-12.702,-8.503,-3.979,-2.411,0.092,0.084,0.466,0.464
1477010459000000,-13.155,-8.629,-4.504,-2.072,-12.994,-8.583,-4.216,-2.246,0.092,0.084,0.465,0.463
1477010459050000,-13.381,-8.730,-4.543,-1.973,-13.246,-8.687,-4.417,-2.259,0.092,0.084,0.464,0.463
1477010459100000,-13.609,-8.826,-4.580,-1.872,-13.474,-8.729,-4.472,-2.056,0.092,0.084,0.464,0.462
1477010459150000,-13.839,-8.917,-4.615,-1.770,-13.670,-8.788,-4.195,-1.800,0.093,0.084,0.464,0.461
1477010459200000,-14.071,-9.003,-4.649,-1.666,-13.894,-8.905,-4.212,-1.871,0.093,0.084,0.463,0.461
1477010459250000,-14.304,-9.084,-4.680,-1.561,-14.149,-9.004,-4.545,-2.004,0.093,0.084,0.463,0.461
1477010459300000,-14.539,-9.159,-4.709,-1.454,-14.378,-9.128,-4.537,-2.072,0.094,0.084,0.462,0.461
1477010459350000,-14.775,-9.229,-4.737,-1.346,-14.587,-9.225,-4.354,-1.967,0.094,0.084,0.462,0.462
1477010459400000,-15.013,-9.294,-4.762,-1.236,-14.902,-9.189,-4.649,-1.540,0.094,0.084,0.461,0.461
1477010459450000,-15.252,-9.353,-4.784,-1.125,-15.151,-9.282,-4.628,-1.545,0.094,0.084,0.461,0.461
1477010459500000,-15.492,-9.406,-4.805,-1.013,-15.425,-9.400,-4.706,-1.636,0.094,0.084,0.460,0.462
1477010459550000,-15.732,-9.454,-4.823,-0.899,-15.644,-9.461,-4.425,-1.441,0.094,0.084,0.460,0.462
1477010459600000,-15.974,-9.496,-4.838,-0.784,-15.910,-9.530,-4.529,-1.408,0.094,0.084,0.460,0.463
1477010459650000,-16.216,-9.533,-4.851,-0.669,-16.144,-9.564,-4.460,-1.247,0.094,0.084,0.459,0.463
1477010459700000,-16.459,-9.563,-4.862,-0.552,-16.411,-9.524,-4.608,-0.929,0.094,0.083,0.459,0.463
1477010459750000,-16.703,-9.588,-4.869,-0.434,-16.606,-9.554,-4.465,-0.856,0.094,0.083,0.459,0.463
1477010459800000,-16.946,-9.607,-4.874,-0.316,-16.916,-9.500,-4.708,-0.538,0.094,0.083,0.458,0.462
1477010459850000,-17.190,-9.620,-4.876,-0.196,-17.152,-9.586,-4.748,-0.754,0.094,0.083,0.457,0.462
1477010459900000,-17.434,-9.626,-4.876,-0.077,-17.433,-9.586,-4.868,-0.627,0.093,0.083,0.457,0.463
1477010459950000,-17.678,-9.627,-4.872,0.044,-17.674,-9.603,-4.686,-0.496,0.093,0.083,0.456,0.463
1477010460000000,-17.922,-9.622,-4.866,0.165,-17.948,-9.542,-4.815,-0.233,0.093,0.083,0.456,0.463
1477010460050000,-18.165,-9.611,-4.856,0.287,-18.173,-9.533,-4.627,-0.099,0.093,0.083,0.455,0.463
1477010460100000,-18.407,-9.593,-4.844,0.408,-18.367,-9.581,-4.525,-0.240,0.093,0.083,0.455,0.463
1477010460150000,-18.649,-9.570,-4.829,0.531,-18.587,-9.597,-4.593,-0.295,0.093,0.083,0.454,0.465
1477010460200000,-18.890,-9.540,-4.810,0.653,-18.859,-9.558,-4.711,-0.123,0.093,0.083,0.454,0.466
1477010460250000,-19.130,-9.504,-4.789,0.775,-19.073,-9.544,-4.662,-0.068,0.093,0.083,0.453,0.467
1477010460300000,-19.369,-9.463,-4.764,0.897,-19.356,-9.373,-4.849,0.463,0.092,0.083,0.452,0.467
1477010460350000,-19.607,-9.415,-4.736,1.019,-19.573,-9.323,-4.570,0.634,0.092,0.083,0.452,0.467
1477010460400000,-19.843,-9.361,-4.705,1.141,-19.853,-9.154,-4.740,1.060,0.092,0.083,0.451,0.466
1477010460450000,-20.078,-9.301,-4.671,1.262,-20.085,-9.055,-4.662,1.228,0.092,0.084,0.451,0.466
1477010460500000,-20.310,-9.234,-4.633,1.383,-20.223,-9.254,-4.367,0.415,0.092,0.084,0.450,0.468
1477010460550000,-20.541,-9.162,-4.593,1.503,-20.443,-9.249,-4.352,0.372,0.092,0.084,0.450,0.471
1477010460600000,-20.770,-9.084,-4.549,1.623,-20.694,-9.104,-4.479,0.757,0.092,0.084,0.449,0.473
1477010460650000,-20.996,-9.000,-4.502,1.742,-20.925,-9.047,-4.353,0.873,0.092,0.084,0.448,0.474
1477010460700000,-21.220,-8.910,-4.452,1.860,-21.133,-8.954,-4.352,1.016,0.092,0.084,0.448,0.476
1477010460750000,-21.441,-8.814,-4.399,1.977,-21.354,-8.892,-4.222,1.107,0.092,0.084,0.447,0.477
1477010460800000,-21.660,-8.712,-4.342,2.092,-21.549,-8.857,-4.179,1.039,0.092,0.084,0.447,0.480
1477010460850000,-21.875,-8.605,-4.283,2.207,-21.720,-8.759,-3.793,1.270,0.092,0.084,0.447,0.482
1477010460900000,-22.088,-8.491,-4.220,2.320,-21.935,-8.637,-3.866,1.453,0.092,0.085,0.447,0.483
1477010460950000,-22.297,-8.373,-4.154,2.432,-22.138,-8.544,-4.004,1.481,0.093,0.085,0.446,0.485
1477010461000000,-22.504,-8.248,-4.086,2.543,-22.398,-8.399,-4.151,1.714,0.093,0.085,0.446,0.487
1477010461050000,-22.706,-8.118,-4.014,2.651,-22.576,-8.309,-3.911,1.784,0.093,0.086,0.445,0.488
1477010461100000,-22.905,-7.983,-3.939,2.758,-22.865,-7.971,-4.204,2.557,0.093,0.086,0.445,0.487
1477010461150000,-23.100,-7.842,-3.862,2.864,-23.044,-7.844,-3.768,2.672,0.093,0.085,0.444,0.487
1477010461200000,-23.291,-7.697,-3.781,2.967,-23.295,-7.627,-3.928,2.941,0.093,0.085,0.443,0.486
1477010461250000,-23.478,-7.546,-3.698,3.068,-23.494,-7.469,-3.992,2.960,0.092,0.085,0.443,0.486
1477010461300000,-23.661,-7.390,-3.612,3.167,-23.660,-7.351,-3.915,2.860,0.092,0.085,0.443,0.485
1477010461350000,-23.839,-7.229,-3.523,3.264,-23.846,-7.190,-3.764,2.949,0.092,0.085,0.442,0.485
1477010461400000,-24.013,-7.063,-3.432,3.359,-23.998,-7.144,-3.664,2.631,0.092,0.085,0.442,0.486
1477010461450000,-24.182,-6.893,-3.338,3.451,-24.155,-6.982,-3.375,2.774,0.092,0.085,0.441,0.486
1477010461500000,-24.347,-6.718,-3.242,3.541,-24.342,-6.672,-3.454,3.305,0.092,0.085,0.441,0.486
1477010461550000,-24.507,-6.539,-3.143,3.629,-24.500,-6.514,-3.148,3.358,0.092,0.085,0.440,0.485
1477010461600000,-24.661,-6.355,-3.042,3.713,-24.585,-6.413,-2.980,3.140,0.092,0.085,0.440,0.486
1477010461650000,-24.811,-6.168,-2.938,3.796,-24.715,-6.247,-2.839,3.184,0.092,0.085,0.439,0.486
1477010461700000,-24.955,-5.976,-2.833,3.875,-24.922,-5.994,-2.995,3.485,0.092,0.085,0.439,0.486
1477010461750000,-25.094,-5.780,-2.725,3.951,-25.044,-5.800,-2.801,3.567,0.092,0.085,0.438,0.485
1477010461800000,-25.228,-5.581,-2.616,4.025,-25.184,-5.631,-2.800,3.540,0.091,0.085,0.438,0.485
1477010461850000,-25.356,-5.378,-2.504,4.096,-25.329,-5.453,-2.770,3.551,0.091,0.085,0.437,0.486
1477010461900000,-25.478,-5.171,-2.391,4.163,-25.497,-5.193,-2.847,3.809,0.091,0.085,0.437,0.485
1477010461950000,-25.595,-4.962,-2.276,4.228,-25.613,-5.033,-2.726,3.725,0.091,0.085,0.437,0.485
1477010462000000,-25.706,-4.749,-2.160,4.289,-25.736,-4.873,-2.692,3.640,0.091,0.085,0.438,0.486
1477010462050000,-25.811,-4.533,-2.041,4.348,-25.847,-4.685,-2.470,3.678,0.091,0.085,0.438,0.486
1477010462100000,-25.910,-4.314,-1.922,4.403,-25.981,-4.399,-2.510,3.995,0.091,0.085,0.438,0.486
1477010462150000,-26.003,-4.092,-1.801,4.455,-26.085,-4.199,-1.961,4.071,0.091,0.085,0.438,0.486
1477010462200000,-26.090,-3.869,-1.679,4.503,-26.189,-3.857,-1.996,4.497,0.091,0.085,0.437,0.485
1477010462250000,-26.171,-3.642,-1.556,4.549,-26.259,-3.633,-1.555,4.540,0.091,0.085,0.437,0.485
1477010462300000,-26.245,-3.414,-1.432,4.591,-26.285,-3.352,-1.462,4.706,0.091,0.085,0.436,0.484
1477010462350000,-26.314,-3.183,-1.307,4.630,-26.330,-3.113,-1.179,4.734,0.091,0.085,0.436,0.484
1477010462400000,-26.376,-2.951,-1.182,4.665,-26.352,-2.886,-1.106,4.703,0.091,0.085,0.435,0.483
1477010462450000,-26.432,-2.717,-1.055,4.697,-26.402,-2.667,-1.003,4.663,0.090,0.085,0.435,0.482
1477010462500000,-26.482,-2.481,-0.928,4.726,-26.478,-2.562,-1.037,4.268,0.090,0.085,0.434,0.482
1477010462550000,-26.525,-2.245,-0.801,4.751,-26.525,-2.336,-0.949,4.311,0.090,0.085,0.434,0.482
1477010462600000,-26.562,-2.007,-0.673,4.773,-26.587,-2.141,-0.976,4.246,0.090,0.085,0.433,0.482
1477010462650000,-26.592,-1.767,-0.546,4.791,-26.609,-1.917,-0.813,4.288,0.090,0.085,0.433,0.482
1477010462700000,-26.616,-1.528,-0.418,4.807,-26.623,-1.630,-0.764,4.516,0.090,0.085,0.433,0.482
1477010462750000,-26.634,-1.287,-0.290,4.819,-26.613,-1.415,-0.292,4.514,0.090,0.085,0.432,0.482
1477010462800000,-26.645,-1.046,-0.162,4.827,-26.624,-1.169,-0.287,4.576,0.090,0.085,0.432,0.481
1477010462850000,-26.650,-0.804,-0.034,4.832,-26.647,-0.955,-0.145,4.536,0.090,0.085,0.431,0.481
1477010462900000,-26.648,-0.563,0.094,4.834,-26.670,-0.666,-0.181,4.728,0.089,0.086,0.431,0.480
1477010462950000,-26.641,-0.321,0.221,4.833,-26.653,-0.425,0.231,4.734,0.089,0.086,0.430,0.480
1477010463000000,-26.626,-0.080,0.347,4.829,-26.613,-0.078,0.287,5.079,0.089,0.085,0.430,0.479
1477010463050000,-26.606,0.161,0.473,4.821,-26.587,0.175,0.553,5.072,0.089,0.085,0.429,0.479
1477010463100000,-26.579,0.402,0.598,4.810,-26.571,0.496,0.534,5.279,0.089,0.085,0.429,0.479
1477010463150000,-26.546,0.642,0.723,4.797,-26.547,0.752,0.604,5.252,0.089,0.085,0.428,0.479
1477010463200000,-26.507,0.882,0.846,4.780,-26.552,1.036,0.536,5.313,0.089,0.086,0.428,0.479
1477010463250000,-26.462,1.120,0.969,4.760,-26.499,1.324,0.630,5.383,0.089,0.086,0.428,0.479
1477010463300000,-26.410,1.357,1.091,4.737,-26.458,1.516,0.639,5.149,0.089,0.086,0.428,0.479
1477010463350000,-26.353,1.594,1.211,4.712,-26.406,1.729,0.866,5.018,0.089,0.087,0.428,0.479
1477010463400000,-26.289,1.828,1.330,4.683,-26.364,1.895,0.865,4.757,0.089,0.087,0.428,0.478
1477010463450000,-26.220,2.062,1.448,4.652,-26.289,2.120,1.212,4.689,0.088,0.086,0.427,0.478
1477010463500000,-26.144,2.293,1.565,4.619,-26.234,2.277,1.196,4.451,0.088,0.086,0.427,0.477
1477010463550000,-26.063,2.523,1.680,4.582,-26.164,2.494,1.254,4.428,0.089,0.086,0.427,0.477
1477010463600000,-25.976,2.751,1.793,4.543,-26.094,2.757,1.274,4.560,0.089,0.086,0.428,0.476
1477010463650000,-25.884,2.977,1.905,4.502,-25.995,2.979,1.769,4.491,0.089,0.086,0.427,0.475
1477010463700000,-25.786,3.201,2.016,4.458,-25.890,3.303,1.817,4.801,0.089,0.086,0.427,0.475
1477010463750000,-25.683,3.423,2.125,4.412,-25.800,3.547,1.967,4.788,0.089,0.086,0.426,0.475
1477010463800000,-25.574,3.642,2.231,4.364,-25.700,3.719,1.958,4.582,0.089,0.086,0.426,0.474
1477010463850000,-25.460,3.859,2.337,4.314,-25.577,3.928,2.194,4.499,0.089,0.086,0.425,0.474
1477010463900000,-25.340,4.074,2.440,4.261,-25.520,4.074,2.077,4.246,0.089,0.086,0.425,0.473
1477010463950000,-25.216,4.285,2.541,4.207,-25.392,4.270,2.295,4.171,0.090,0.086,0.425,0.473
1477010464000000,-25.086,4.494,2.641,4.151,-25.232,4.510,2.390,4.280,0.090,0.086,0.425,0.472
1477010464050000,-24.952,4.700,2.738,4.093,-25.072,4.707,2.484,4.234,0.090,0.086,0.424,0.472
1477010464100000,-24.813,4.903,2.834,4.033,-24.964,4.900,2.447,4.172,0.090,0.086,0.424,0.471
1477010464150000,-24.669,5.103,2.927,3.971,-24.799,5.095,2.716,4.102,0.090,0.086,0.424,0.471
1477010464200000,-24.520,5.300,3.018,3.908,-24.633,5.331,2.784,4.206,0.090,0.085,0.424,0.470
1477010464250000,-24.367,5.494,3.108,3.844,-24.453,5.525,3.199,4.092,0.090,0.085,0.423,0.470
1477010464300000,-24.210,5.684,3.195,3.778,-24.268,5.686,3.239,3.970,0.090,0.085,0.423,0.470
1477010464350000,-24.048,5.871,3.280,3.711,-24.095,5.855,3.475,3.836,0.090,0.085,0.422,0.469
1477010464400000,-23.882,6.055,3.362,3.643,-23.926,6.001,3.457,3.697,0.090,0.085,0.422,0.469
1477010464450000,-23.712,6.235,3.443,3.574,-23.770,6.202,3.208,3.805,0.090,0.085,0.421,0.468
1477010464500000,-23.538,6.412,3.521,3.504,-23.622,6.345,3.169,3.661,0.090,0.085,0.421,0.468
1477010464550000,-23.360,6.586,3.598,3.432,-23.463,6.527,3.288,3.624,0.090,0.085,0.421,0.467
1477010464600000,-23.178,6.755,3.672,3.360,-23.236,6.794,3.442,3.907,0.090,0.085,0.421,0.467
1477010464650000,-22.993,6.921,3.744,3.288,-23.026,6.950,3.676,3.757,0.090,0.085,0.420,0.467
1477010464700000,-22.804,7.084,3.813,3.214,-22.821,7.115,3.713,3.695,0.090,0.085,0.420,0.467
1477010464750000,-22.612,7.243,3.881,3.140,-22.595,7.271,4.046,3.542,0.090,0.085,0.419,0.467
1477010464800000,-22.416,7.398,3.946,3.066,-22.423,7.382,3.963,3.332,0.090,0.085,0.419,0.467
1477010464850000,-22.217,7.549,4.010,2.991,-22.179,7.539,4.419,3.183,0.089,0.084,0.419,0.466
1477010464900000,-22.015,7.697,4.071,2.916,-22.003,7.678,4.318,3.103,0.089,0.084,0.418,0.466
1477010464950000,-21.810,7.841,4.130,2.841,-21.801,7.879,4.176,3.289,0.089,0.084,0.418,0.466
1477010465000000,-21.603,7.981,4.187,2.765,-21.612,7.995,4.114,3.138,0.089,0.084,0.418,0.466
1477010465050000,-21.392,8.117,4.242,2.690,-21.411,8.141,4.211,3.063,0.089,0.084,0.417,0.466
1477010465100000,-21.179,8.250,4.294,2.614,-21.219,8.110,4.110,2.514,0.089,0.084,0.417,0.465
1477010465150000,-20.963,8.378,4.345,2.539,-21.015,8.275,3.989,2.697,0.089,0.084,0.417,0.465
1477010465200000,-20.744,8.503,4.394,2.463,-20.854,8.429,3.912,2.728,0.089,0.084,0.417,0.464
1477010465250000,-20.524,8.625,4.441,2.388,-20.592,8.568,4.417,2.598,0.089,0.084,0.416,0.464
1477010465300000,-20.301,8.742,4.486,2.314,-20.339,8.711,4.495,2.654,0.089,0.084,0.416,0.464
1477010465350000,-20.075,8.856,4.529,2.239,-20.131,8.848,4.356,2.704,0.089,0.084,0.415,0.464
1477010465400000,-19.848,8.966,4.570,2.165,-19.956,8.921,4.238,2.499,0.089,0.084,0.415,0.463
1477010465450000,-19.619,9.072,4.609,2.092,-19.751,9.038,4.216,2.474,0.089,0.084,0.415,0.463
1477010465500000,-19.387,9.175,4.647,2.019,-19.549,9.088,4.170,2.255,0.089,0.084,0.415,0.463
1477010465550000,-19.154,9.274,4.683,1.947,-19.292,9.215,4.496,2.201,0.089,0.084,0.415,0.463
1477010465600000,-18.919,9.370,4.717,1.875,-18.998,9.313,4.648,2.212,0.089,0.084,0.415,0.462
1477010465650000,-18.683,9.462,4.749,1.804,-18.772,9.407,4.732,2.110,0.089,0.084,0.414,0.462
1477010465700000,-18.445,9.550,4.780,1.734,-18.517,9.507,4.772,2.105,0.089,0.084,0.414,0.462
1477010465750000,-18.205,9.635,4.810,1.665,-18.233,9.564,5.162,1.839,0.089,0.084,0.414,0.461
1477010465800000,-17.964,9.716,4.837,1.597,-17.924,9.705,5.291,2.009,0.089,0.084,0.414,0.461
1477010465850000,-17.721,9.795,4.864,1.530,-17.660,9.821,5.141,2.148,0.089,0.084,0.413,0.462
1477010465900000,-17.478,9.869,4.889,1.463,-17.396,9.916,5.154,2.120,0.089,0.083,0.413,0.462
1477010465950000,-17.233,9.941,4.912,1.398,-17.125,10.023,5.306,2.055,0.089,0.083,0.413,0.463
1477010466000000,-16.987,10.009,4.934,1.334,-16.864,10.130,5.298,2.064,0.089,0.084,0.413,0.463
1477010466050000,-16.740,10.074,4.955,1.271,-16.588,10.222,5.411,1.983,0.089,0.084,0.413,0.464
1477010466100000,-16.491,10.136,4.975,1.209,-16.364,10.293,5.289,1.874,0.089,0.084,0.413,0.465
1477010466150000,-16.242,10.195,4.993,1.149,-16.086,10.387,5.440,1.803,0.090,0.084,0.413,0.465
1477010466200000,-15.992,10.251,5.010,1.090,-15.894,10.343,5.189,1.383,0.090,0.084,0.413,0.465
1477010466250000,-15.742,10.304,5.027,1.032,-15.639,10.413,5.172,1.386,0.090,0.084,0.412,0.465
1477010466300000,-15.490,10.354,5.042,0.975,-15.462,10.350,4.919,0.971,0.090,0.084,0.412,0.464
1477010466350000,-15.238,10.402,5.056,0.920,-15.147,10.394,5.346,0.800,0.090,0.084,0.412,0.464
1477010466400000,-14.985,10.446,5.069,0.866,-14.889,10.441,5.326,0.810,0.090,0.084,0.411,0.463
1477010466450000,-14.731,10.488,5.081,0.813,-14.656,10.453,5.002,0.857,0.090,0.084,0.411,0.463
1477010466500000,-14.477,10.528,5.092,0.762,-14.441,10.396,4.875,0.561,0.089,0.084,0.411,0.462
1477010466550000,-14.222,10.564,5.103,0.713,-14.176,10.422,5.000,0.511,0.089,0.084,0.410,0.462
1477010466600000,-13.967,10.599,5.113,0.665,-13.833,10.639,5.313,1.087,0.090,0.084,0.410,0.462
1477010466650000,-13.711,10.631,5.122,0.618,-13.568,10.704,5.245,1.176,0.090,0.084,0.409,0.462
1477010466700000,-13.455,10.661,5.130,0.574,-13.346,10.682,5.107,0.936,0.090,0.084,0.409,0.462
1477010466750000,-13.198,10.688,5.137,0.530,-13.067,10.721,5.306,0.810,0.090,0.084,0.409,0.462
1477010466800000,-12.941,10.714,5.144,0.489,-12.810,10.827,5.314,0.971,0.090,0.084,0.408,0.462
1477010466850000,-12.684,10.737,5.151,0.448,-12.527,10.893,5.396,1.003,0.090,0.084,0.408,0.462
1477010466900000,-12.426,10.759,5.157,0.410,-12.332,10.815,5.142,0.624,0.090,0.084,0.408,0.461
1477010466950000,-12.168,10.778,5.162,0.373,-12.071,10.852,5.139,0.660,0.090,0.084,0.407,0.461
1477010467000000,-11.910,10.796,5.167,0.338,-11.828,10.922,5.119,0.742,0.090,0.084,0.407,0.461
1477010467050000,-11.652,10.812,5.171,0.305,-11.535,10.953,5.291,0.675,0.090,0.085,0.406,0.461
1477010467100000,-11.393,10.827,5.175,0.273,-11.329,10.947,5.118,0.531,0.090,0.085,0.406,0.461
1477010467150000,-11.134,10.839,5.178,0.243,-11.031,10.914,5.625,0.018,0.090,0.085,0.406,0.460
1477010467200000,-10.875,10.851,5.182,0.214,-10.739,10.860,5.629,-0.113,0.090,0.085,0.406,0.460
1477010467250000,-10.616,10.861,5.184,0.188,-10.477,10.861,5.495,-0.021,0.090,0.084,0.406,0.460
1477010467300000,-10.357,10.870,5.187,0.163,-10.261,10.836,5.330,-0.126,0.090,0.084,0.406,0.459
1477010467350000,-10.098,10.877,5.189,0.140,-10.012,10.889,5.063,0.301,0.090,0.084,0.405,0.459
1477010467400000,-9.838,10.884,5.191,0.118,-9.754,10.955,5.098,0.426,0.090,0.084,0.405,0.459
1477010467450000,-9.579,10.889,5.193,0.099,-9.527,10.922,5.114,0.150,0.090,0.084,0.404,0.458
1477010467500000,-9.319,10.894,5.194,0.081,-9.268,10.957,5.136,0.221,0.090,0.084,0.404,0.458
1477010467550000,-9.059,10.897,5.196,0.065,-9.027,10.924,5.101,0.062,0.090,0.084,0.404,0.457
1477010467600000,-8.799,10.900,5.197,0.050,-8.758,10.968,5.158,0.172,0.090,0.084,0.403,0.457
1477010467650000,-8.540,10.902,5.198,0.038,-8.527,10.905,5.104,-0.086,0.090,0.084,0.403,0.456
1477010467700000,-8.280,10.904,5.198,0.027,-8.409,10.782,4.678,-0.477,0.090,0.084,0.403,0.456
1477010467750000,-8.020,10.905,5.199,0.018,-8.159,10.796,4.682,-0.290,0.090,0.084,0.403,0.456
1477010467800000,-7.760,10.906,5.199,0.011,-7.770,10.896,5.176,0.086,0.090,0.084,0.403,0.456
1477010467850000,-7.500,10.906,5.200,0.005,-7.504,10.893,5.166,0.119,0.090,0.084,0.403,0.455
1477010467900000,-7.240,10.906,5.200,0.002,-7.227,10.888,5.214,0.106,0.090,0.084,0.402,0.455
