time,gt_x,gt_y,gt_vx,gt_vy,est_x,est_y,est_vx,est_vy,rmse_x,rmse_y,rmse_vx,rmse_vy
1477010443000000,0.600,0.600,5.200,0.000,0.312,0.580,0.000,0.000,0.288,0.020,5.200,0.000
1477010443050000,0.860,0.600,5.200,0.002,0.312,0.580,0.000,0.000,0.438,0.020,5.200,0.001
1477010443100000,1.120,0.600,5.199,0.005,1.172,0.481,7.817,-0.901,0.358,0.071,4.507,0.523
1477010443150000,1.380,0.601,5.199,0.011,1.172,0.481,7.817,-0.901,0.327,0.085,4.116,0.643
1477010443200000,1.640,0.601,5.198,0.018,1.657,0.620,4.980,1.284,0.293,0.077,3.683,0.807
1477010443250000,1.900,0.602,5.198,0.027,1.657,0.620,4.980,1.284,0.285,0.070,3.363,0.898
1477010443300000,2.160,0.604,5.197,0.038,2.183,0.666,5.144,0.799,0.264,0.069,3.114,0.880
1477010443350000,2.420,0.606,5.196,0.050,2.183,0.666,5.144,0.799,0.261,0.068,2.913,0.864
1477010443400000,2.679,0.609,5.195,0.065,2.668,0.690,5.015,0.554,0.246,0.070,2.747,0.831
1477010443450000,2.939,0.613,5.193,0.081,2.668,0.690,5.015,0.554,0.249,0.071,2.607,0.803
1477010443500000,3.199,0.617,5.191,0.099,3.074,0.680,4.670,0.316,0.240,0.070,2.490,0.768
1477010443550000,3.458,0.623,5.190,0.118,3.074,0.680,4.670,0.316,0.255,0.069,2.389,0.738
1477010443600000,3.718,0.629,5.188,0.140,3.734,0.493,5.295,-0.391,0.245,0.076,2.295,0.724
1477010443650000,3.977,0.637,5.185,0.163,3.734,0.493,5.295,-0.391,0.245,0.083,2.212,0.713
1477010443700000,4.236,0.645,5.183,0.188,4.287,0.517,5.367,-0.194,0.237,0.087,2.138,0.696
1477010443750000,4.495,0.655,5.180,0.214,4.287,0.517,5.367,-0.194,0.235,0.091,2.070,0.681
1477010443800000,4.754,0.667,5.176,0.243,4.594,0.693,4.665,0.403,0.232,0.088,2.012,0.662
1477010443850000,5.013,0.680,5.173,0.273,4.594,0.693,4.665,0.403,0.246,0.086,1.959,0.644
1477010443900000,5.272,0.694,5.169,0.304,5.278,0.693,5.334,0.279,0.239,0.084,1.907,0.627
1477010443950000,5.530,0.710,5.164,0.338,5.278,0.693,5.334,0.279,0.240,0.082,1.860,0.611
1477010444000000,5.788,0.728,5.159,0.373,5.910,0.715,5.641,0.262,0.236,0.080,1.818,0.597
1477010444050000,6.046,0.748,5.154,0.410,5.910,0.715,5.641,0.262,0.232,0.078,1.779,0.584
1477010444100000,6.304,0.769,5.148,0.448,6.413,0.838,5.449,0.565,0.228,0.078,1.741,0.572
1477010444150000,6.561,0.793,5.142,0.488,6.413,0.838,5.449,0.565,0.225,0.077,1.706,0.560
1477010444200000,6.818,0.818,5.135,0.530,6.876,0.810,5.192,0.300,0.221,0.075,1.671,0.551
1477010444250000,7.075,0.846,5.127,0.573,6.876,0.810,5.192,0.300,0.220,0.074,1.639,0.543
1477010444300000,7.331,0.875,5.119,0.618,7.274,0.895,4.816,0.471,0.216,0.073,1.609,0.533
1477010444350000,7.587,0.907,5.109,0.665,7.274,0.895,4.816,0.471,0.221,0.071,1.581,0.525
1477010444400000,7.842,0.942,5.100,0.712,7.779,0.838,4.888,0.145,0.217,0.073,1.554,0.526
1477010444450000,8.097,0.979,5.089,0.762,7.779,0.838,4.888,0.145,0.221,0.076,1.528,0.530
1477010444500000,8.351,1.018,5.078,0.813,8.259,0.847,4.859,0.128,0.218,0.081,1.504,0.535
1477010444550000,8.605,1.060,5.065,0.865,8.259,0.847,4.859,0.128,0.223,0.088,1.481,0.543
1477010444600000,8.858,1.105,5.052,0.919,8.745,0.948,4.861,0.404,0.221,0.091,1.459,0.542
1477010444650000,9.110,1.152,5.038,0.974,8.745,0.948,4.861,0.404,0.226,0.096,1.437,0.543
1477010444700000,9.362,1.202,5.023,1.031,9.243,1.017,4.897,0.493,0.224,0.100,1.417,0.543
1477010444750000,9.613,1.255,5.007,1.089,9.243,1.017,4.897,0.493,0.229,0.106,1.397,0.544
1477010444800000,9.863,1.311,4.989,1.148,9.880,1.244,5.358,1.047,0.226,0.105,1.379,0.537
1477010444850000,10.112,1.370,4.971,1.208,9.880,1.244,5.358,1.047,0.226,0.106,1.363,0.531
1477010444900000,10.360,1.432,4.951,1.270,10.338,1.400,5.115,1.209,0.223,0.105,1.345,0.524
1477010444950000,10.607,1.497,4.930,1.333,10.338,1.400,5.115,1.209,0.225,0.105,1.329,0.518
1477010445000000,10.853,1.565,4.908,1.397,10.794,1.489,4.942,1.109,0.222,0.104,1.312,0.513
1477010445050000,11.098,1.637,4.884,1.462,10.794,1.489,4.942,1.109,0.224,0.105,1.297,0.510
1477010445100000,11.342,1.712,4.859,1.528,11.428,1.607,5.378,1.131,0.222,0.105,1.284,0.508
1477010445150000,11.584,1.790,4.833,1.596,11.428,1.607,5.378,1.131,0.221,0.108,1.272,0.507
1477010445200000,11.825,1.871,4.805,1.664,11.878,1.732,5.105,1.169,0.219,0.108,1.259,0.507
1477010445250000,12.065,1.956,4.776,1.733,11.878,1.732,5.105,1.169,0.218,0.112,1.246,0.508
1477010445300000,12.303,2.045,4.745,1.803,12.358,1.818,5.008,1.073,0.216,0.116,1.233,0.514
1477010445350000,12.539,2.137,4.713,1.873,12.358,1.818,5.008,1.073,0.215,0.123,1.221,0.521
1477010445400000,12.774,2.232,4.678,1.945,12.734,2.042,4.619,1.437,0.213,0.125,1.208,0.521
1477010445450000,13.007,2.331,4.643,2.017,12.734,2.042,4.619,1.437,0.214,0.131,1.196,0.522
1477010445500000,13.239,2.434,4.605,2.090,13.145,2.289,4.461,1.760,0.213,0.131,1.185,0.519
1477010445550000,13.468,2.540,4.566,2.163,13.145,2.289,4.461,1.760,0.215,0.134,1.173,0.517
1477010445600000,13.696,2.651,4.524,2.237,13.706,2.540,4.818,1.993,0.213,0.134,1.163,0.513
1477010445650000,13.921,2.764,4.481,2.311,13.706,2.540,4.818,1.993,0.213,0.136,1.153,0.510
1477010445700000,14.144,2.882,4.437,2.386,14.198,2.834,4.851,2.289,0.211,0.135,1.144,0.506
1477010445750000,14.365,3.003,4.390,2.461,14.198,2.834,4.851,2.289,0.211,0.136,1.135,0.502
1477010445800000,14.583,3.128,4.341,2.536,14.580,2.990,4.528,2.062,0.209,0.136,1.125,0.501
1477010445850000,14.799,3.257,4.290,2.612,14.580,2.990,4.528,2.062,0.209,0.139,1.116,0.502
1477010445900000,15.012,3.389,4.237,2.687,15.030,3.341,4.518,2.515,0.207,0.138,1.107,0.498
1477010445950000,15.223,3.526,4.183,2.762,15.030,3.341,4.518,2.515,0.207,0.139,1.099,0.495
1477010446000000,15.431,3.666,4.126,2.838,15.501,3.703,4.580,2.860,0.206,0.138,1.091,0.491
1477010446050000,15.636,3.810,4.067,2.913,15.501,3.703,4.580,2.860,0.205,0.137,1.084,0.487
1477010446100000,15.837,3.957,4.006,2.988,15.968,3.995,4.607,2.877,0.204,0.136,1.078,0.484
1477010446150000,16.036,4.109,3.943,3.063,15.968,3.995,4.607,2.877,0.202,0.136,1.073,0.480
1477010446200000,16.232,4.264,3.877,3.137,16.383,4.358,4.465,3.114,0.202,0.135,1.067,0.477
1477010446250000,16.424,4.422,3.810,3.211,16.383,4.358,4.465,3.114,0.200,0.135,1.062,0.473
1477010446300000,16.613,4.585,3.740,3.284,16.724,4.672,4.136,3.119,0.199,0.134,1.056,0.470
1477010446350000,16.798,4.751,3.668,3.357,16.724,4.672,4.136,3.119,0.198,0.133,1.049,0.468
1477010446400000,16.980,4.921,3.594,3.429,17.071,5.090,3.928,3.452,0.197,0.134,1.042,0.464
1477010446450000,17.158,5.094,3.518,3.500,17.071,5.090,3.928,3.452,0.195,0.133,1.036,0.461
1477010446500000,17.332,5.271,3.440,3.570,17.382,5.435,3.673,3.452,0.194,0.133,1.029,0.458
1477010446550000,17.502,5.451,3.359,3.639,17.382,5.435,3.673,3.452,0.193,0.133,1.023,0.455
1477010446600000,17.668,5.635,3.276,3.708,17.766,5.708,3.725,3.225,0.192,0.132,1.017,0.456
1477010446650000,17.830,5.822,3.192,3.775,17.766,5.708,3.725,3.225,0.191,0.132,1.012,0.457
1477010446700000,17.987,6.013,3.105,3.840,18.133,6.095,3.707,3.429,0.191,0.131,1.008,0.456
1477010446750000,18.140,6.206,3.015,3.905,18.133,6.095,3.707,3.429,0.189,0.131,1.004,0.457
1477010446800000,18.289,6.403,2.924,3.968,18.369,6.543,3.288,3.755,0.188,0.131,0.998,0.454
1477010446850000,18.433,6.603,2.831,4.029,18.369,6.543,3.288,3.755,0.187,0.130,0.993,0.452
1477010446900000,18.572,6.806,2.736,4.089,18.625,6.844,3.060,3.524,0.186,0.130,0.988,0.454
1477010446950000,18.706,7.012,2.638,4.147,18.625,6.844,3.060,3.524,0.185,0.130,0.983,0.457
1477010447000000,18.836,7.221,2.539,4.203,19.031,7.190,3.371,3.505,0.185,0.129,0.981,0.460
1477010447050000,18.960,7.433,2.438,4.257,19.031,7.190,3.371,3.505,0.184,0.131,0.980,0.465
1477010447100000,19.080,7.647,2.335,4.310,19.202,7.694,2.854,3.983,0.184,0.131,0.976,0.464
1477010447150000,19.194,7.864,2.229,4.360,19.202,7.694,2.854,3.983,0.183,0.131,0.973,0.463
1477010447200000,19.303,8.083,2.123,4.408,19.321,8.109,2.335,4.036,0.182,0.130,0.967,0.462
1477010447250000,19.406,8.305,2.014,4.454,19.321,8.109,2.335,4.036,0.181,0.131,0.962,0.461
1477010447300000,19.504,8.529,1.904,4.498,19.458,8.417,2.031,3.736,0.180,0.131,0.957,0.466
1477010447350000,19.597,8.755,1.792,4.540,19.458,8.417,2.031,3.736,0.179,0.135,0.952,0.471
1477010447400000,19.683,8.983,1.678,4.578,19.821,8.837,2.532,3.882,0.179,0.135,0.951,0.474
1477010447450000,19.765,9.213,1.563,4.615,19.821,8.837,2.532,3.882,0.178,0.140,0.951,0.478
1477010447500000,19.840,9.445,1.447,4.649,20.113,9.335,2.653,4.224,0.179,0.140,0.954,0.477
1477010447550000,19.909,9.678,1.329,4.680,20.113,9.335,2.653,4.224,0.180,0.144,0.959,0.477
1477010447600000,19.973,9.913,1.210,4.708,20.275,9.828,2.330,4.445,0.182,0.143,0.961,0.475
1477010447650000,20.030,10.149,1.090,4.734,20.275,9.828,2.330,4.445,0.182,0.146,0.964,0.474
1477010447700000,20.082,10.386,0.968,4.757,20.348,10.364,1.831,4.731,0.183,0.146,0.963,0.471
1477010447750000,20.127,10.625,0.846,4.777,20.348,10.364,1.831,4.731,0.184,0.147,0.963,0.469
1477010447800000,20.166,10.864,0.722,4.793,20.456,10.918,1.597,4.985,0.185,0.147,0.962,0.467
1477010447850000,20.199,11.104,0.598,4.807,20.456,10.918,1.597,4.985,0.186,0.147,0.963,0.465
1477010447900000,20.226,11.345,0.473,4.818,20.476,11.385,1.159,4.885,0.187,0.146,0.960,0.462
1477010447950000,20.247,11.586,0.347,4.826,20.476,11.385,1.159,4.885,0.187,0.147,0.959,0.460
1477010448000000,20.261,11.828,0.220,4.830,20.602,11.905,1.192,4.985,0.189,0.147,0.959,0.458
1477010448050000,20.269,12.069,0.093,4.832,20.602,11.905,1.192,4.985,0.191,0.147,0.961,0.456
1477010448100000,20.270,12.311,-0.034,4.830,20.537,12.447,0.615,5.120,0.192,0.147,0.958,0.455
1477010448150000,20.265,12.552,-0.162,4.825,20.537,12.447,0.615,5.120,0.193,0.146,0.956,0.453
1477010448200000,20.254,12.793,-0.289,4.816,20.551,12.928,0.468,5.023,0.194,0.146,0.955,0.452
1477010448250000,20.236,13.034,-0.417,4.804,20.551,12.928,0.468,5.023,0.196,0.146,0.954,0.450
1477010448300000,20.212,13.274,-0.545,4.789,20.409,13.308,-0.121,4.641,0.196,0.145,0.951,0.448
1477010448350000,20.182,13.513,-0.673,4.771,20.409,13.308,-0.121,4.641,0.196,0.146,0.948,0.446
1477010448400000,20.145,13.751,-0.801,4.749,20.363,13.827,-0.228,4.812,0.196,0.145,0.945,0.444
1477010448450000,20.102,13.988,-0.928,4.724,20.363,13.827,-0.228,4.812,0.197,0.146,0.943,0.442
1477010448500000,20.052,14.223,-1.055,4.695,20.238,14.322,-0.547,4.854,0.197,0.145,0.940,0.441
1477010448550000,19.996,14.457,-1.181,4.663,20.238,14.322,-0.547,4.854,0.198,0.145,0.938,0.439
1477010448600000,19.934,14.690,-1.307,4.628,19.995,14.791,-1.135,4.804,0.197,0.145,0.934,0.437
1477010448650000,19.865,14.920,-1.432,4.589,19.995,14.791,-1.135,4.804,0.196,0.145,0.930,0.436
1477010448700000,19.791,15.149,-1.556,4.548,19.947,15.241,-0.932,4.708,0.196,0.144,0.928,0.434
1477010448750000,19.710,15.375,-1.679,4.502,19.947,15.241,-0.932,4.708,0.196,0.144,0.926,0.433
1477010448800000,19.623,15.599,-1.801,4.454,19.881,15.638,-0.845,4.478,0.197,0.144,0.927,0.431
1477010448850000,19.530,15.820,-1.922,4.402,19.881,15.638,-0.845,4.478,0.199,0.144,0.928,0.429
1477010448900000,19.431,16.039,-2.041,4.347,19.646,16.050,-1.315,4.367,0.199,0.143,0.926,0.427
1477010448950000,19.326,16.255,-2.159,4.289,19.646,16.050,-1.315,4.367,0.200,0.144,0.926,0.426
1477010449000000,19.215,16.468,-2.276,4.227,19.385,16.386,-1.719,4.053,0.200,0.144,0.923,0.424
1477010449050000,19.098,16.678,-2.391,4.163,19.385,16.386,-1.719,4.053,0.201,0.145,0.921,0.423
1477010449100000,18.976,16.884,-2.504,4.095,19.115,16.814,-2.027,4.122,0.200,0.145,0.919,0.421
1477010449150000,18.848,17.087,-2.616,4.025,19.115,16.814,-2.027,4.122,0.201,0.146,0.917,0.419
1477010449200000,18.714,17.287,-2.725,3.951,18.773,17.299,-2.461,4.351,0.200,0.146,0.913,0.419
1477010449250000,18.575,17.482,-2.833,3.875,18.773,17.299,-2.461,4.351,0.200,0.146,0.910,0.420
1477010449300000,18.431,17.674,-2.939,3.796,18.329,17.650,-3.082,4.086,0.200,0.146,0.907,0.419
1477010449350000,18.281,17.862,-3.042,3.714,18.329,17.650,-3.082,4.086,0.199,0.146,0.903,0.418
1477010449400000,18.127,18.045,-3.143,3.629,18.109,18.053,-2.806,4.069,0.198,0.146,0.900,0.419
1477010449450000,17.967,18.225,-3.242,3.542,18.109,18.053,-2.806,4.069,0.198,0.146,0.897,0.419
1477010449500000,17.803,18.399,-3.338,3.452,17.863,18.347,-2.698,3.716,0.197,0.145,0.896,0.418
1477010449550000,17.633,18.570,-3.432,3.360,17.863,18.347,-2.698,3.716,0.197,0.146,0.895,0.418
1477010449600000,17.459,18.735,-3.524,3.265,17.495,18.712,-3.002,3.695,0.197,0.146,0.892,0.418
1477010449650000,17.281,18.896,-3.613,3.168,17.495,18.712,-3.002,3.695,0.197,0.146,0.891,0.419
1477010449700000,17.098,19.052,-3.699,3.069,17.186,18.990,-3.030,3.411,0.196,0.146,0.889,0.419
1477010449750000,16.911,19.203,-3.782,2.968,17.186,18.990,-3.030,3.411,0.197,0.146,0.888,0.419
1477010449800000,16.720,19.349,-3.863,2.865,16.738,19.201,-3.482,3.003,0.196,0.146,0.886,0.417
1477010449850000,16.525,19.489,-3.940,2.759,16.738,19.201,-3.482,3.003,0.196,0.148,0.883,0.416
1477010449900000,16.326,19.625,-4.015,2.652,16.317,19.555,-3.711,3.173,0.196,0.147,0.880,0.417
1477010449950000,16.124,19.755,-4.087,2.544,16.317,19.555,-3.711,3.173,0.196,0.148,0.878,0.419
1477010450000000,15.918,19.879,-4.156,2.433,15.936,19.871,-3.743,3.169,0.195,0.147,0.875,0.422
1477010450050000,15.708,19.998,-4.222,2.321,15.936,19.871,-3.743,3.169,0.195,0.147,0.873,0.427
1477010450100000,15.496,20.111,-4.285,2.208,15.502,20.186,-3.930,3.162,0.195,0.147,0.871,0.433
1477010450150000,15.280,20.219,-4.344,2.093,15.502,20.186,-3.930,3.162,0.195,0.146,0.868,0.440
1477010450200000,15.061,20.320,-4.401,1.978,15.152,20.473,-3.794,3.069,0.194,0.146,0.867,0.448
1477010450250000,14.840,20.416,-4.454,1.861,15.152,20.473,-3.794,3.069,0.195,0.146,0.866,0.457
1477010450300000,14.616,20.506,-4.504,1.743,14.723,20.700,-3.949,2.820,0.195,0.146,0.864,0.465
1477010450350000,14.390,20.590,-4.551,1.624,14.723,20.700,-3.949,2.820,0.196,0.146,0.862,0.473
1477010450400000,14.161,20.669,-4.595,1.504,14.199,20.800,-4.352,2.252,0.195,0.146,0.860,0.476
1477010450450000,13.930,20.741,-4.636,1.384,14.199,20.800,-4.352,2.252,0.196,0.145,0.857,0.479
1477010450500000,13.698,20.807,-4.674,1.263,13.626,20.885,-4.783,1.814,0.195,0.145,0.854,0.480
1477010450550000,13.463,20.867,-4.708,1.142,13.626,20.885,-4.783,1.814,0.195,0.145,0.852,0.481
1477010450600000,13.227,20.921,-4.739,1.020,13.129,20.956,-4.842,1.468,0.195,0.144,0.849,0.481
1477010450650000,12.990,20.969,-4.767,0.898,13.129,20.956,-4.842,1.468,0.194,0.144,0.846,0.482
1477010450700000,12.751,21.011,-4.792,0.775,12.751,21.082,-4.509,1.405,0.194,0.143,0.844,0.483
1477010450750000,12.511,21.047,-4.814,0.653,12.751,21.082,-4.509,1.405,0.194,0.143,0.841,0.485
1477010450800000,12.269,21.076,-4.832,0.531,12.256,21.170,-4.646,1.241,0.194,0.143,0.839,0.487
1477010450850000,12.028,21.100,-4.848,0.409,12.256,21.170,-4.646,1.241,0.194,0.142,0.836,0.490
1477010450900000,11.785,21.117,-4.860,0.287,11.740,21.094,-4.807,0.614,0.193,0.142,0.834,0.489
1477010450950000,11.542,21.128,-4.870,0.165,11.740,21.094,-4.807,0.614,0.193,0.141,0.831,0.489
1477010451000000,11.298,21.134,-4.876,0.044,11.308,21.115,-4.656,0.489,0.193,0.141,0.829,0.488
1477010451050000,11.054,21.133,-4.880,-0.077,11.308,21.115,-4.656,0.489,0.193,0.141,0.826,0.489
1477010451100000,10.810,21.126,-4.881,-0.197,10.865,21.053,-4.586,0.143,0.193,0.140,0.824,0.488
1477010451150000,10.567,21.113,-4.878,-0.316,10.865,21.053,-4.586,0.143,0.193,0.140,0.822,0.488
1477010451200000,10.323,21.094,-4.873,-0.435,10.305,21.134,-4.903,0.350,0.193,0.140,0.819,0.490
1477010451250000,10.080,21.070,-4.866,-0.552,10.305,21.134,-4.903,0.350,0.193,0.139,0.817,0.494
1477010451300000,9.837,21.039,-4.856,-0.669,9.899,21.080,-4.637,0.074,0.192,0.139,0.815,0.496
1477010451350000,9.594,21.003,-4.843,-0.785,9.899,21.080,-4.637,0.074,0.193,0.139,0.812,0.499
1477010451400000,9.353,20.961,-4.827,-0.900,9.484,20.989,-4.486,-0.235,0.193,0.138,0.810,0.500
1477010451450000,9.112,20.913,-4.809,-1.014,9.484,20.989,-4.486,-0.235,0.195,0.138,0.808,0.502
1477010451500000,8.872,20.859,-4.789,-1.126,8.880,20.898,-4.971,-0.444,0.194,0.138,0.806,0.503
1477010451550000,8.633,20.800,-4.766,-1.237,8.880,20.898,-4.971,-0.444,0.194,0.137,0.804,0.505
1477010451600000,8.396,20.736,-4.741,-1.347,8.308,20.681,-5.205,-0.984,0.194,0.137,0.802,0.505
1477010451650000,8.159,20.666,-4.714,-1.455,8.308,20.681,-5.205,-0.984,0.194,0.137,0.801,0.504
1477010451700000,7.924,20.590,-4.685,-1.562,7.834,20.521,-5.062,-1.178,0.193,0.136,0.799,0.504
1477010451750000,7.691,20.510,-4.653,-1.668,7.834,20.521,-5.062,-1.178,0.193,0.136,0.797,0.504
1477010451800000,7.459,20.424,-4.620,-1.772,7.259,20.398,-5.276,-1.194,0.193,0.136,0.797,0.504
1477010451850000,7.229,20.333,-4.584,-1.874,7.259,20.398,-5.276,-1.194,0.192,0.135,0.796,0.505
1477010451900000,7.001,20.236,-4.547,-1.975,6.770,20.235,-5.153,-1.329,0.193,0.135,0.795,0.506
1477010451950000,6.775,20.135,-4.509,-2.074,6.770,20.235,-5.153,-1.329,0.192,0.135,0.794,0.508
1477010452000000,6.551,20.029,-4.468,-2.171,6.318,20.061,-4.958,-1.458,0.192,0.134,0.793,0.509
1477010452050000,6.328,19.918,-4.426,-2.266,6.318,20.061,-4.958,-1.458,0.192,0.134,0.792,0.511
1477010452100000,6.108,19.803,-4.382,-2.360,5.840,19.876,-4.900,-1.581,0.192,0.134,0.791,0.513
1477010452150000,5.890,19.682,-4.337,-2.452,5.840,19.876,-4.900,-1.581,0.192,0.135,0.790,0.516
1477010452200000,5.675,19.558,-4.291,-2.542,5.509,19.651,-4.403,-1.789,0.192,0.134,0.788,0.517
1477010452250000,5.461,19.428,-4.244,-2.630,5.509,19.651,-4.403,-1.789,0.191,0.135,0.785,0.520
1477010452300000,5.251,19.295,-4.195,-2.716,5.116,19.457,-4.256,-1.836,0.191,0.135,0.783,0.522
1477010452350000,5.042,19.157,-4.145,-2.801,5.116,19.457,-4.256,-1.836,0.191,0.137,0.781,0.526
1477010452400000,4.836,19.015,-4.094,-2.883,4.785,19.137,-3.963,-2.262,0.190,0.136,0.779,0.526
1477010452450000,4.633,18.869,-4.043,-2.964,4.785,19.137,-3.963,-2.262,0.190,0.137,0.777,0.527
1477010452500000,4.432,18.719,-3.990,-3.042,4.426,18.875,-3.846,-2.374,0.189,0.138,0.775,0.528
1477010452550000,4.234,18.565,-3.937,-3.119,4.426,18.875,-3.846,-2.374,0.189,0.139,0.773,0.529
1477010452600000,4.039,18.407,-3.883,-3.194,4.145,18.564,-3.522,-2.603,0.189,0.139,0.772,0.530
1477010452650000,3.846,18.246,-3.828,-3.266,4.145,18.564,-3.522,-2.603,0.190,0.141,0.770,0.531
1477010452700000,3.656,18.081,-3.773,-3.337,3.637,18.240,-4.009,-2.803,0.189,0.141,0.768,0.531
1477010452750000,3.469,17.912,-3.718,-3.406,3.637,18.240,-4.009,-2.803,0.189,0.142,0.767,0.531
1477010452800000,3.284,17.740,-3.662,-3.473,3.184,17.861,-4.170,-3.110,0.189,0.142,0.766,0.530
1477010452850000,3.103,17.565,-3.606,-3.538,3.184,17.861,-4.170,-3.110,0.189,0.143,0.765,0.530
1477010452900000,2.924,17.387,-3.550,-3.602,2.850,17.674,-3.911,-2.723,0.188,0.145,0.763,0.532
1477010452950000,2.748,17.205,-3.493,-3.663,2.850,17.674,-3.911,-2.723,0.188,0.148,0.762,0.535
1477010453000000,2.575,17.021,-3.437,-3.723,2.503,17.254,-3.772,-3.185,0.187,0.148,0.760,0.535
1477010453050000,2.404,16.833,-3.381,-3.780,2.503,17.254,-3.772,-3.185,0.187,0.151,0.759,0.535
1477010453100000,2.237,16.643,-3.324,-3.836,2.186,16.888,-3.586,-3.334,0.187,0.152,0.757,0.535
1477010453150000,2.072,16.450,-3.268,-3.890,2.186,16.888,-3.586,-3.334,0.186,0.154,0.756,0.535
1477010453200000,1.910,16.254,-3.212,-3.942,1.856,16.345,-3.495,-3.990,0.186,0.154,0.754,0.534
1477010453250000,1.751,16.056,-3.157,-3.993,1.856,16.345,-3.495,-3.990,0.186,0.155,0.753,0.533
1477010453300000,1.595,15.855,-3.101,-4.041,1.479,16.011,-3.582,-3.786,0.185,0.155,0.752,0.532
1477010453350000,1.441,15.652,-3.046,-4.088,1.479,16.011,-3.582,-3.786,0.185,0.157,0.751,0.531
1477010453400000,1.290,15.446,-2.992,-4.134,1.150,15.537,-3.490,-4.083,0.185,0.156,0.750,0.529
1477010453450000,1.142,15.239,-2.938,-4.177,1.150,15.537,-3.490,-4.083,0.184,0.157,0.749,0.528
1477010453500000,0.996,15.029,-2.885,-4.219,0.765,15.072,-3.605,-4.260,0.185,0.157,0.749,0.527
1477010453550000,0.854,14.817,-2.832,-4.260,0.765,15.072,-3.605,-4.260,0.184,0.158,0.749,0.526
1477010453600000,0.713,14.603,-2.781,-4.299,0.560,14.673,-3.118,-4.174,0.184,0.157,0.747,0.525
1477010453650000,0.576,14.387,-2.730,-4.336,0.560,14.673,-3.118,-4.174,0.184,0.158,0.746,0.523
1477010453700000,0.440,14.170,-2.679,-4.372,0.251,14.231,-3.110,-4.252,0.184,0.158,0.745,0.522
1477010453750000,0.308,13.950,-2.630,-4.406,0.251,14.231,-3.110,-4.252,0.183,0.159,0.744,0.521
1477010453800000,0.178,13.729,-2.581,-4.439,0.182,13.750,-2.352,-4.428,0.183,0.158,0.742,0.520
1477010453850000,0.050,13.507,-2.534,-4.471,0.182,13.750,-2.352,-4.428,0.183,0.159,0.741,0.519
1477010453900000,-0.076,13.282,-2.487,-4.501,-0.117,13.297,-2.553,-4.459,0.182,0.158,0.739,0.518
1477010453950000,-0.199,13.057,-2.442,-4.530,-0.117,13.297,-2.553,-4.459,0.182,0.159,0.738,0.516
1477010454000000,-0.320,12.830,-2.397,-4.557,-0.177,12.888,-1.942,-4.344,0.182,0.159,0.737,0.516
1477010454050000,-0.439,12.601,-2.354,-4.583,-0.177,12.888,-1.942,-4.344,0.182,0.159,0.735,0.515
1477010454100000,-0.555,12.371,-2.312,-4.608,-0.420,12.411,-2.096,-4.475,0.182,0.159,0.734,0.514
1477010454150000,-0.670,12.140,-2.271,-4.632,-0.420,12.411,-2.096,-4.475,0.182,0.160,0.732,0.512
1477010454200000,-0.782,11.908,-2.231,-4.655,-0.608,11.999,-2.027,-4.366,0.182,0.160,0.731,0.512
1477010454250000,-0.893,11.675,-2.193,-4.676,-0.608,11.999,-2.027,-4.366,0.183,0.161,0.729,0.511
1477010454300000,-1.002,11.441,-2.156,-4.696,-0.979,11.486,-2.555,-4.605,0.183,0.160,0.728,0.510
1477010454350000,-1.109,11.206,-2.120,-4.715,-0.979,11.486,-2.555,-4.605,0.182,0.161,0.727,0.509
1477010454400000,-1.214,10.969,-2.086,-4.734,-1.309,11.033,-2.785,-4.580,0.182,0.161,0.727,0.508
1477010454450000,-1.317,10.732,-2.053,-4.751,-1.309,11.033,-2.785,-4.580,0.182,0.162,0.727,0.507
1477010454500000,-1.419,10.495,-2.021,-4.767,-1.545,10.503,-2.653,-4.807,0.181,0.161,0.727,0.506
1477010454550000,-1.519,10.256,-1.991,-4.782,-1.545,10.503,-2.653,-4.807,0.181,0.162,0.726,0.505
1477010454600000,-1.618,10.016,-1.962,-4.796,-1.721,10.123,-2.374,-4.492,0.181,0.162,0.725,0.504
1477010454650000,-1.715,9.776,-1.935,-4.809,-1.721,10.123,-2.374,-4.492,0.180,0.163,0.724,0.503
1477010454700000,-1.811,9.536,-1.909,-4.822,-1.853,9.692,-2.046,-4.434,0.180,0.163,0.723,0.503
1477010454750000,-1.906,9.294,-1.885,-4.833,-1.853,9.692,-2.046,-4.434,0.180,0.164,0.721,0.502
1477010454800000,-2.000,9.052,-1.862,-4.844,-2.002,9.025,-1.872,-5.132,0.179,0.164,0.720,0.502
1477010454850000,-2.093,8.810,-1.841,-4.853,-2.002,9.025,-1.872,-5.132,0.179,0.164,0.718,0.501
1477010454900000,-2.184,8.567,-1.822,-4.862,-2.183,8.526,-1.853,-5.090,0.179,0.164,0.717,0.500
1477010454950000,-2.275,8.324,-1.804,-4.870,-2.183,8.526,-1.853,-5.090,0.178,0.164,0.715,0.499
1477010455000000,-2.365,8.080,-1.787,-4.878,-2.299,8.081,-1.634,-4.890,0.178,0.164,0.714,0.498
1477010455050000,-2.453,7.836,-1.772,-4.884,-2.299,8.081,-1.634,-4.890,0.178,0.164,0.713,0.497
1477010455100000,-2.542,7.592,-1.759,-4.890,-2.525,7.597,-1.831,-4.873,0.178,0.164,0.711,0.496
1477010455150000,-2.629,7.347,-1.748,-4.895,-2.525,7.597,-1.831,-4.873,0.177,0.164,0.710,0.495
1477010455200000,-2.717,7.102,-1.738,-4.899,-2.750,7.088,-1.963,-4.940,0.177,0.164,0.708,0.494
1477010455250000,-2.803,6.857,-1.730,-4.903,-2.750,7.088,-1.963,-4.940,0.177,0.164,0.707,0.493
1477010455300000,-2.890,6.612,-1.723,-4.906,-2.853,6.722,-1.671,-4.539,0.176,0.164,0.706,0.493
1477010455350000,-2.976,6.367,-1.718,-4.908,-2.853,6.722,-1.671,-4.539,0.176,0.165,0.704,0.492
1477010455400000,-3.061,6.121,-1.715,-4.909,-2.965,6.250,-1.499,-4.596,0.176,0.165,0.703,0.492
1477010455450000,-3.147,5.876,-1.713,-4.910,-2.965,6.250,-1.499,-4.596,0.176,0.167,0.702,0.491
1477010455500000,-3.233,5.630,-1.713,-4.910,-3.144,5.669,-1.590,-4.975,0.176,0.166,0.700,0.490
1477010455550000,-3.318,5.385,-1.715,-4.909,-3.144,5.669,-1.590,-4.975,0.176,0.167,0.699,0.489
1477010455600000,-3.404,5.140,-1.718,-4.907,-3.363,5.141,-1.776,-5.073,0.175,0.167,0.698,0.488
1477010455650000,-3.490,4.894,-1.723,-4.905,-3.363,5.141,-1.776,-5.073,0.175,0.167,0.696,0.488
1477010455700000,-3.577,4.649,-1.729,-4.902,-3.612,4.581,-2.001,-5.235,0.175,0.167,0.695,0.487
1477010455750000,-3.663,4.404,-1.738,-4.899,-3.612,4.581,-2.001,-5.235,0.175,0.167,0.694,0.487
1477010455800000,-3.750,4.159,-1.747,-4.894,-3.901,4.053,-2.278,-5.251,0.174,0.167,0.693,0.486
1477010455850000,-3.838,3.915,-1.759,-4.889,-3.901,4.053,-2.278,-5.251,0.174,0.166,0.693,0.486
1477010455900000,-3.926,3.670,-1.772,-4.883,-4.013,3.632,-1.915,-4.924,0.174,0.166,0.691,0.485
1477010455950000,-4.015,3.426,-1.787,-4.877,-4.013,3.632,-1.915,-4.924,0.174,0.166,0.690,0.484
1477010456000000,-4.105,3.182,-1.803,-4.869,-4.180,3.177,-1.838,-4.808,0.173,0.166,0.689,0.483
1477010456050000,-4.196,2.939,-1.821,-4.861,-4.180,3.177,-1.838,-4.808,0.173,0.166,0.688,0.482
1477010456100000,-4.287,2.696,-1.841,-4.852,-4.345,2.628,-1.781,-5.021,0.173,0.166,0.686,0.481
1477010456150000,-4.380,2.454,-1.862,-4.842,-4.345,2.628,-1.781,-5.021,0.172,0.166,0.685,0.480
1477010456200000,-4.474,2.212,-1.884,-4.831,-4.565,2.110,-1.911,-5.071,0.172,0.166,0.684,0.480
1477010456250000,-4.568,1.971,-1.909,-4.820,-4.565,2.110,-1.911,-5.071,0.172,0.166,0.682,0.479
1477010456300000,-4.664,1.730,-1.934,-4.808,-4.808,1.571,-2.075,-5.171,0.172,0.166,0.681,0.479
1477010456350000,-4.762,1.490,-1.961,-4.794,-4.808,1.571,-2.075,-5.171,0.171,0.166,0.680,0.478
1477010456400000,-4.861,1.250,-1.990,-4.780,-4.853,1.163,-1.567,-4.831,0.171,0.165,0.679,0.478
1477010456450000,-4.961,1.012,-2.020,-4.765,-4.853,1.163,-1.567,-4.831,0.171,0.165,0.678,0.477
1477010456500000,-5.063,0.774,-2.052,-4.748,-4.938,0.748,-1.341,-4.618,0.171,0.165,0.679,0.476
1477010456550000,-5.166,0.537,-2.085,-4.731,-4.938,0.748,-1.341,-4.618,0.171,0.165,0.679,0.475
1477010456600000,-5.271,0.301,-2.119,-4.713,-5.096,0.273,-1.416,-4.660,0.171,0.165,0.679,0.474
1477010456650000,-5.378,0.065,-2.155,-4.694,-5.096,0.273,-1.416,-4.660,0.172,0.165,0.679,0.473
1477010456700000,-5.487,-0.169,-2.192,-4.673,-5.266,-0.203,-1.507,-4.688,0.172,0.165,0.679,0.472
1477010456750000,-5.597,-0.402,-2.230,-4.652,-5.266,-0.203,-1.507,-4.688,0.173,0.165,0.679,0.472
1477010456800000,-5.710,-0.634,-2.270,-4.629,-5.621,-0.566,-2.144,-4.359,0.172,0.165,0.678,0.471
1477010456850000,-5.825,-0.865,-2.311,-4.605,-5.621,-0.566,-2.144,-4.359,0.173,0.165,0.677,0.470
1477010456900000,-5.941,-1.095,-2.353,-4.580,-5.856,-1.127,-2.207,-4.748,0.172,0.165,0.676,0.470
1477010456950000,-6.060,-1.323,-2.396,-4.554,-5.856,-1.127,-2.207,-4.748,0.172,0.165,0.675,0.469
1477010457000000,-6.181,-1.550,-2.440,-4.526,-6.168,-1.558,-2.493,-4.614,0.172,0.165,0.674,0.468
1477010457050000,-6.304,-1.776,-2.486,-4.498,-6.168,-1.558,-2.493,-4.614,0.172,0.165,0.672,0.467
1477010457100000,-6.430,-2.000,-2.532,-4.467,-6.381,-2.075,-2.381,-4.785,0.172,0.165,0.671,0.467
1477010457150000,-6.557,-2.223,-2.579,-4.436,-6.381,-2.075,-2.381,-4.785,0.172,0.165,0.670,0.467
1477010457200000,-6.688,-2.444,-2.628,-4.403,-6.700,-2.503,-2.634,-4.629,0.171,0.165,0.669,0.466
1477010457250000,-6.820,-2.663,-2.677,-4.368,-6.700,-2.503,-2.634,-4.629,0.171,0.165,0.668,0.465
1477010457300000,-6.955,-2.881,-2.727,-4.333,-6.887,-3.029,-2.395,-4.826,0.171,0.165,0.667,0.465
1477010457350000,-7.093,-3.097,-2.778,-4.295,-6.887,-3.029,-2.395,-4.826,0.171,0.164,0.666,0.466
1477010457400000,-7.233,-3.311,-2.830,-4.256,-7.124,-3.396,-2.387,-4.465,0.171,0.164,0.665,0.465
1477010457450000,-7.376,-3.522,-2.883,-4.216,-7.124,-3.396,-2.387,-4.465,0.171,0.164,0.665,0.464
1477010457500000,-7.522,-3.732,-2.936,-4.174,-7.422,-3.678,-2.573,-3.952,0.171,0.164,0.664,0.464
1477010457550000,-7.670,-3.940,-2.990,-4.130,-7.422,-3.678,-2.573,-3.952,0.171,0.164,0.663,0.463
1477010457600000,-7.821,-4.145,-3.044,-4.085,-7.773,-4.178,-2.866,-4.279,0.171,0.164,0.662,0.463
1477010457650000,-7.975,-4.349,-3.099,-4.038,-7.773,-4.178,-2.866,-4.279,0.171,0.164,0.661,0.462
1477010457700000,-8.131,-4.549,-3.154,-3.989,-8.137,-4.696,-3.106,-4.560,0.171,0.164,0.660,0.462
1477010457750000,-8.290,-4.748,-3.209,-3.939,-8.137,-4.696,-3.106,-4.560,0.171,0.164,0.659,0.463
1477010457800000,-8.452,-4.943,-3.265,-3.886,-8.395,-5.130,-2.943,-4.493,0.171,0.164,0.658,0.464
1477010457850000,-8.617,-5.136,-3.321,-3.832,-8.395,-5.130,-2.943,-4.493,0.171,0.163,0.658,0.464
1477010457900000,-8.784,-5.327,-3.377,-3.777,-8.795,-5.551,-3.271,-4.402,0.171,0.164,0.657,0.465
1477010457950000,-8.955,-5.514,-3.434,-3.719,-8.795,-5.551,-3.271,-4.402,0.171,0.163,0.656,0.466
1477010458000000,-9.128,-5.699,-3.490,-3.660,-9.081,-5.903,-3.143,-4.127,0.170,0.164,0.655,0.466
1477010458050000,-9.304,-5.880,-3.546,-3.598,-9.081,-5.903,-3.143,-4.127,0.171,0.163,0.654,0.466
1477010458100000,-9.483,-6.059,-3.603,-3.535,-9.354,-6.086,-3.016,-3.409,0.170,0.163,0.654,0.465
1477010458150000,-9.664,-6.234,-3.659,-3.470,-9.354,-6.086,-3.016,-3.409,0.171,0.163,0.654,0.465
1477010458200000,-9.849,-6.406,-3.714,-3.403,-9.642,-6.489,-2.971,-3.603,0.171,0.163,0.654,0.464
1477010458250000,-10.036,-6.574,-3.770,-3.334,-9.642,-6.489,-2.971,-3.603,0.172,0.163,0.655,0.464
1477010458300000,-10.226,-6.739,-3.825,-3.263,-10.072,-6.842,-3.388,-3.581,0.172,0.162,0.654,0.463
1477010458350000,-10.419,-6.901,-3.879,-3.190,-10.072,-6.842,-3.388,-3.581,0.173,0.162,0.654,0.463
1477010458400000,-10.614,-7.058,-3.933,-3.116,-10.575,-7.243,-3.900,-3.715,0.173,0.162,0.653,0.463
1477010458450000,-10.812,-7.212,-3.986,-3.039,-10.575,-7.243,-3.900,-3.715,0.173,0.162,0.652,0.464
1477010458500000,-11.013,-7.363,-4.039,-2.961,-11.085,-7.594,-4.275,-3.650,0.173,0.162,0.651,0.465
1477010458550000,-11.216,-7.509,-4.090,-2.880,-11.085,-7.594,-4.275,-3.650,0.173,0.162,0.650,0.466
1477010458600000,-11.422,-7.651,-4.141,-2.798,-11.317,-7.827,-3.663,-3.240,0.173,0.162,0.649,0.466
1477010458650000,-11.630,-7.788,-4.191,-2.713,-11.317,-7.827,-3.663,-3.240,0.173,0.162,0.649,0.467
1477010458700000,-11.841,-7.922,-4.239,-2.627,-11.610,-7.997,-3.435,-2.758,0.173,0.162,0.649,0.466
1477010458750000,-12.055,-8.051,-4.287,-2.539,-11.610,-7.997,-3.435,-2.758,0.175,0.161,0.650,0.465
1477010458800000,-12.270,-8.176,-4.333,-2.449,-12.017,-8.187,-3.634,-2.489,0.175,0.161,0.650,0.465
1477010458850000,-12.488,-8.296,-4.378,-2.358,-12.017,-8.187,-3.634,-2.489,0.177,0.161,0.651,0.464
1477010458900000,-12.708,-8.412,-4.422,-2.264,-12.401,-8.353,-3.696,-2.232,0.178,0.161,0.651,0.463
1477010458950000,-12.930,-8.523,-4.464,-2.169,-12.401,-8.353,-3.696,-2.232,0.180,0.161,0.651,0.462
1477010459000000,-13.155,-8.629,-4.504,-2.072,-13.014,-8.609,-4.457,-2.334,0.180,0.161,0.650,0.462
1477010459050000,-13.381,-8.730,-4.543,-1.973,-13.014,-8.609,-4.457,-2.334,0.181,0.161,0.649,0.462
1477010459100000,-13.609,-8.826,-4.580,-1.872,-13.424,-8.718,-4.347,-1.944,0.181,0.160,0.648,0.461
1477010459150000,-13.839,-8.917,-4.615,-1.770,-13.424,-8.718,-4.347,-1.944,0.182,0.161,0.648,0.460
1477010459200000,-14.071,-9.003,-4.649,-1.666,-13.923,-8.950,-4.547,-2.062,0.182,0.160,0.647,0.460
1477010459250000,-14.304,-9.084,-4.680,-1.561,-13.923,-8.950,-4.547,-2.062,0.183,0.160,0.646,0.460
1477010459300000,-14.539,-9.159,-4.709,-1.454,-14.401,-9.171,-4.619,-2.108,0.182,0.160,0.645,0.461
1477010459350000,-14.775,-9.229,-4.737,-1.346,-14.401,-9.171,-4.619,-2.108,0.183,0.160,0.644,0.462
1477010459400000,-15.013,-9.294,-4.762,-1.236,-14.956,-9.224,-4.910,-1.615,0.183,0.160,0.643,0.462
1477010459450000,-15.252,-9.353,-4.784,-1.125,-14.956,-9.224,-4.910,-1.615,0.184,0.159,0.642,0.462
1477010459500000,-15.492,-9.406,-4.805,-1.013,-15.550,-9.470,-5.233,-1.881,0.183,0.159,0.641,0.464
1477010459550000,-15.732,-9.454,-4.823,-0.899,-15.550,-9.470,-5.233,-1.881,0.183,0.159,0.641,0.466
1477010459600000,-15.974,-9.496,-4.838,-0.784,-16.080,-9.630,-5.252,-1.793,0.183,0.159,0.640,0.469
1477010459650000,-16.216,-9.533,-4.851,-0.669,-16.080,-9.630,-5.252,-1.793,0.183,0.159,0.640,0.472
1477010459700000,-16.459,-9.563,-4.862,-0.552,-16.520,-9.604,-4.986,-1.152,0.183,0.159,0.639,0.473
1477010459750000,-16.703,-9.588,-4.869,-0.434,-16.520,-9.604,-4.986,-1.152,0.183,0.158,0.638,0.474
1477010459800000,-16.946,-9.607,-4.874,-0.316,-17.063,-9.584,-5.125,-0.730,0.183,0.158,0.637,0.473
1477010459850000,-17.190,-9.620,-4.876,-0.196,-17.063,-9.584,-5.125,-0.730,0.182,0.158,0.636,0.474
1477010459900000,-17.434,-9.626,-4.876,-0.077,-17.561,-9.619,-5.080,-0.609,0.182,0.158,0.635,0.474
1477010459950000,-17.678,-9.627,-4.872,0.044,-17.561,-9.619,-5.080,-0.609,0.182,0.157,0.634,0.474
1477010460000000,-17.922,-9.622,-4.866,0.165,-18.024,-9.560,-4.939,-0.235,0.182,0.157,0.634,0.474
1477010460050000,-18.165,-9.611,-4.856,0.287,-18.024,-9.560,-4.939,-0.235,0.182,0.157,0.633,0.474
1477010460100000,-18.407,-9.593,-4.844,0.408,-18.405,-9.596,-4.587,-0.274,0.182,0.157,0.632,0.475
1477010460150000,-18.649,-9.570,-4.829,0.531,-18.405,-9.596,-4.587,-0.274,0.182,0.157,0.631,0.476
1477010460200000,-18.890,-9.540,-4.810,0.653,-18.906,-9.573,-4.719,-0.116,0.182,0.156,0.630,0.477
1477010460250000,-19.130,-9.504,-4.789,0.775,-18.906,-9.573,-4.719,-0.116,0.182,0.156,0.629,0.479
1477010460300000,-19.369,-9.463,-4.764,0.897,-19.341,-9.357,-4.603,0.593,0.181,0.156,0.628,0.479
1477010460350000,-19.607,-9.415,-4.736,1.019,-19.341,-9.357,-4.603,0.593,0.182,0.156,0.628,0.479
1477010460400000,-19.843,-9.361,-4.705,1.141,-19.835,-9.142,-4.708,1.080,0.181,0.156,0.627,0.478
1477010460450000,-20.078,-9.301,-4.671,1.262,-19.835,-9.142,-4.708,1.080,0.182,0.156,0.626,0.477
1477010460500000,-20.310,-9.234,-4.633,1.383,-20.238,-9.297,-4.497,0.259,0.181,0.156,0.625,0.480
1477010460550000,-20.541,-9.162,-4.593,1.503,-20.238,-9.297,-4.497,0.259,0.182,0.156,0.624,0.484
1477010460600000,-20.770,-9.084,-4.549,1.623,-20.674,-9.105,-4.456,0.778,0.182,0.156,0.623,0.486
1477010460650000,-20.996,-9.000,-4.502,1.742,-20.674,-9.105,-4.456,0.778,0.182,0.156,0.622,0.488
1477010460700000,-21.220,-8.910,-4.452,1.860,-21.073,-8.945,-4.309,1.035,0.182,0.155,0.621,0.489
1477010460750000,-21.441,-8.814,-4.399,1.977,-21.073,-8.945,-4.309,1.035,0.183,0.155,0.621,0.491
1477010460800000,-21.660,-8.712,-4.342,2.092,-21.503,-8.856,-4.308,0.990,0.183,0.155,0.620,0.494
1477010460850000,-21.875,-8.605,-4.283,2.207,-21.503,-8.856,-4.308,0.990,0.184,0.156,0.619,0.497
1477010460900000,-22.088,-8.491,-4.220,2.320,-21.955,-8.670,-4.373,1.261,0.184,0.156,0.618,0.500
1477010460950000,-22.297,-8.373,-4.154,2.432,-21.955,-8.670,-4.373,1.261,0.184,0.156,0.617,0.503
1477010461000000,-22.504,-8.248,-4.086,2.543,-22.482,-8.455,-4.652,1.540,0.184,0.156,0.617,0.505
1477010461050000,-22.706,-8.118,-4.014,2.651,-22.482,-8.455,-4.652,1.540,0.184,0.157,0.617,0.507
1477010461100000,-22.905,-7.983,-3.939,2.758,-22.965,-8.007,-4.709,2.457,0.184,0.157,0.618,0.507
1477010461150000,-23.100,-7.842,-3.862,2.864,-22.965,-8.007,-4.709,2.457,0.184,0.157,0.618,0.507
1477010461200000,-23.291,-7.697,-3.781,2.967,-23.456,-7.670,-4.770,2.742,0.184,0.157,0.620,0.506
1477010461250000,-23.478,-7.546,-3.698,3.068,-23.456,-7.670,-4.770,2.742,0.183,0.157,0.621,0.506
1477010461300000,-23.661,-7.390,-3.612,3.167,-23.749,-7.379,-4.198,2.793,0.183,0.156,0.621,0.505
1477010461350000,-23.839,-7.229,-3.523,3.264,-23.749,-7.379,-4.198,2.793,0.183,0.156,0.622,0.505
1477010461400000,-24.013,-7.063,-3.432,3.359,-24.061,-7.176,-3.861,2.557,0.183,0.156,0.621,0.506
1477010461450000,-24.182,-6.893,-3.338,3.451,-24.061,-7.176,-3.861,2.557,0.183,0.157,0.621,0.508
1477010461500000,-24.347,-6.718,-3.242,3.541,-24.359,-6.693,-3.583,3.265,0.182,0.157,0.620,0.507
1477010461550000,-24.507,-6.539,-3.143,3.629,-24.359,-6.693,-3.583,3.265,0.182,0.157,0.620,0.507
1477010461600000,-24.661,-6.355,-3.042,3.713,-24.522,-6.400,-2.976,3.161,0.182,0.156,0.619,0.507
1477010461650000,-24.811,-6.168,-2.938,3.796,-24.522,-6.400,-2.976,3.161,0.183,0.157,0.618,0.508
1477010461700000,-24.955,-5.976,-2.833,3.875,-24.972,-6.007,-3.452,3.402,0.182,0.156,0.618,0.507
1477010461750000,-25.094,-5.780,-2.725,3.951,-24.972,-6.007,-3.452,3.402,0.182,0.157,0.619,0.508
1477010461800000,-25.228,-5.581,-2.616,4.025,-25.260,-5.656,-3.271,3.435,0.182,0.157,0.619,0.508
1477010461850000,-25.356,-5.378,-2.504,4.096,-25.260,-5.656,-3.271,3.435,0.182,0.157,0.619,0.508
1477010461900000,-25.478,-5.171,-2.391,4.163,-25.580,-5.214,-3.248,3.742,0.182,0.157,0.620,0.508
1477010461950000,-25.595,-4.962,-2.276,4.228,-25.580,-5.214,-3.248,3.742,0.181,0.157,0.621,0.508
1477010462000000,-25.706,-4.749,-2.160,4.289,-25.807,-4.868,-2.943,3.655,0.181,0.157,0.621,0.508
1477010462050000,-25.811,-4.533,-2.041,4.348,-25.807,-4.868,-2.943,3.655,0.181,0.158,0.622,0.509
1477010462100000,-25.910,-4.314,-1.922,4.403,-26.031,-4.392,-2.725,3.999,0.181,0.158,0.623,0.509
1477010462150000,-26.003,-4.092,-1.801,4.455,-26.031,-4.392,-2.725,3.999,0.181,0.158,0.624,0.509
1477010462200000,-26.090,-3.869,-1.679,4.503,-26.218,-3.845,-2.457,4.459,0.181,0.158,0.624,0.508
1477010462250000,-26.171,-3.642,-1.556,4.549,-26.218,-3.845,-2.457,4.459,0.180,0.158,0.625,0.507
1477010462300000,-26.245,-3.414,-1.432,4.591,-26.246,-3.328,-1.776,4.681,0.180,0.158,0.625,0.507
1477010462350000,-26.314,-3.183,-1.307,4.630,-26.246,-3.328,-1.776,4.681,0.180,0.158,0.624,0.506
1477010462400000,-26.376,-2.951,-1.182,4.665,-26.307,-2.869,-1.413,4.654,0.180,0.158,0.624,0.505
1477010462450000,-26.432,-2.717,-1.055,4.697,-26.307,-2.869,-1.413,4.654,0.180,0.158,0.623,0.505
1477010462500000,-26.482,-2.481,-0.928,4.726,-26.554,-2.560,-1.743,4.165,0.179,0.158,0.624,0.505
1477010462550000,-26.525,-2.245,-0.801,4.751,-26.554,-2.560,-1.743,4.165,0.179,0.158,0.625,0.505
1477010462600000,-26.562,-2.007,-0.673,4.773,-26.700,-2.157,-1.657,4.121,0.179,0.158,0.626,0.506
1477010462650000,-26.592,-1.767,-0.546,4.791,-26.700,-2.157,-1.657,4.121,0.179,0.159,0.628,0.506
1477010462700000,-26.616,-1.528,-0.418,4.807,-26.680,-1.646,-1.074,4.433,0.179,0.159,0.628,0.506
1477010462750000,-26.634,-1.287,-0.290,4.819,-26.680,-1.646,-1.074,4.433,0.179,0.160,0.628,0.505
1477010462800000,-26.645,-1.046,-0.162,4.827,-26.700,-1.175,-0.801,4.520,0.178,0.160,0.628,0.505
1477010462850000,-26.650,-0.804,-0.034,4.832,-26.700,-1.175,-0.801,4.520,0.178,0.161,0.628,0.505
1477010462900000,-26.648,-0.563,0.094,4.834,-26.759,-0.663,-0.736,4.705,0.178,0.161,0.629,0.504
1477010462950000,-26.641,-0.321,0.221,4.833,-26.759,-0.663,-0.736,4.705,0.178,0.161,0.630,0.503
1477010463000000,-26.626,-0.080,0.347,4.829,-26.656,-0.074,-0.186,5.074,0.178,0.161,0.630,0.503
1477010463050000,-26.606,0.161,0.473,4.821,-26.656,-0.074,-0.186,5.074,0.177,0.161,0.630,0.503
1477010463100000,-26.579,0.402,0.598,4.810,-26.649,0.500,-0.106,5.283,0.177,0.161,0.630,0.502
1477010463150000,-26.546,0.642,0.723,4.797,-26.649,0.500,-0.106,5.283,0.177,0.161,0.631,0.502
1477010463200000,-26.507,0.882,0.846,4.780,-26.692,1.043,-0.207,5.331,0.177,0.161,0.632,0.503
1477010463250000,-26.462,1.120,0.969,4.760,-26.692,1.043,-0.207,5.331,0.177,0.161,0.634,0.503
1477010463300000,-26.410,1.357,1.091,4.737,-26.566,1.504,0.252,5.106,0.177,0.161,0.635,0.502
1477010463350000,-26.353,1.594,1.211,4.712,-26.566,1.504,0.252,5.106,0.177,0.161,0.636,0.502
1477010463400000,-26.289,1.828,1.330,4.683,-26.456,1.911,0.517,4.782,0.177,0.161,0.636,0.502
1477010463450000,-26.220,2.062,1.448,4.652,-26.456,1.911,0.517,4.782,0.177,0.161,0.637,0.501
1477010463500000,-26.144,2.293,1.565,4.619,-26.332,2.294,0.742,4.483,0.177,0.160,0.637,0.500
1477010463550000,-26.063,2.523,1.680,4.582,-26.332,2.294,0.742,4.483,0.178,0.161,0.638,0.500
1477010463600000,-25.976,2.751,1.793,4.543,-26.167,2.772,1.025,4.578,0.178,0.160,0.639,0.499
1477010463650000,-25.884,2.977,1.905,4.502,-26.167,2.772,1.025,4.578,0.178,0.161,0.639,0.499
1477010463700000,-25.786,3.201,2.016,4.458,-25.957,3.319,1.362,4.855,0.178,0.161,0.639,0.498
1477010463750000,-25.683,3.423,2.125,4.412,-25.957,3.319,1.362,4.855,0.178,0.160,0.640,0.498
1477010463800000,-25.574,3.642,2.231,4.364,-25.749,3.725,1.587,4.608,0.178,0.160,0.640,0.498
1477010463850000,-25.460,3.859,2.337,4.314,-25.749,3.725,1.587,4.608,0.179,0.160,0.640,0.497
1477010463900000,-25.340,4.074,2.440,4.261,-25.665,4.099,1.355,4.336,0.179,0.160,0.642,0.497
1477010463950000,-25.216,4.285,2.541,4.207,-25.665,4.099,1.355,4.336,0.180,0.160,0.643,0.496
1477010464000000,-25.086,4.494,2.641,4.151,-25.292,4.530,2.096,4.329,0.180,0.160,0.643,0.496
1477010464050000,-24.952,4.700,2.738,4.093,-25.292,4.530,2.096,4.329,0.181,0.160,0.643,0.495
1477010464100000,-24.813,4.903,2.834,4.033,-25.061,4.927,2.163,4.215,0.181,0.160,0.643,0.495
1477010464150000,-24.669,5.103,2.927,3.971,-25.061,4.927,2.163,4.215,0.182,0.160,0.644,0.494
1477010464200000,-24.520,5.300,3.018,3.908,-24.685,5.350,2.660,4.222,0.182,0.160,0.643,0.494
1477010464250000,-24.367,5.494,3.108,3.844,-24.685,5.350,2.660,4.222,0.182,0.160,0.643,0.494
1477010464300000,-24.210,5.684,3.195,3.778,-24.278,5.697,3.103,3.987,0.182,0.159,0.642,0.493
1477010464350000,-24.048,5.871,3.280,3.711,-24.278,5.697,3.103,3.987,0.182,0.159,0.641,0.493
1477010464400000,-23.882,6.055,3.362,3.643,-23.943,6.025,3.179,3.764,0.182,0.159,0.640,0.492
1477010464450000,-23.712,6.235,3.443,3.574,-23.943,6.025,3.179,3.764,0.182,0.159,0.640,0.492
1477010464500000,-23.538,6.412,3.521,3.504,-23.635,6.350,3.147,3.603,0.182,0.159,0.639,0.491
1477010464550000,-23.360,6.586,3.598,3.432,-23.635,6.350,3.147,3.603,0.182,0.159,0.639,0.491
1477010464600000,-23.178,6.755,3.672,3.360,-23.175,6.781,3.600,3.825,0.182,0.159,0.638,0.491
1477010464650000,-22.993,6.921,3.744,3.288,-23.175,6.781,3.600,3.825,0.182,0.159,0.638,0.491
1477010464700000,-22.804,7.084,3.813,3.214,-22.761,7.117,3.770,3.678,0.182,0.159,0.637,0.491
1477010464750000,-22.612,7.243,3.881,3.140,-22.761,7.117,3.770,3.678,0.182,0.159,0.636,0.491
1477010464800000,-22.416,7.398,3.946,3.066,-22.442,7.405,3.589,3.431,0.182,0.159,0.636,0.491
1477010464850000,-22.217,7.549,4.010,2.991,-22.442,7.405,3.589,3.431,0.182,0.159,0.635,0.491
1477010464900000,-22.015,7.697,4.071,2.916,-22.135,7.723,3.426,3.353,0.182,0.159,0.635,0.491
1477010464950000,-21.810,7.841,4.130,2.841,-22.135,7.723,3.426,3.353,0.182,0.159,0.635,0.491
1477010465000000,-21.603,7.981,4.187,2.765,-21.725,8.003,3.638,3.180,0.182,0.158,0.635,0.490
1477010465050000,-21.392,8.117,4.242,2.690,-21.725,8.003,3.638,3.180,0.182,0.158,0.635,0.490
1477010465100000,-21.179,8.250,4.294,2.614,-21.232,8.093,4.041,2.466,0.182,0.158,0.635,0.490
1477010465150000,-20.963,8.378,4.345,2.539,-21.232,8.093,4.041,2.466,0.183,0.159,0.634,0.489
1477010465200000,-20.744,8.503,4.394,2.463,-20.933,8.419,3.714,2.715,0.183,0.159,0.634,0.489
1477010465250000,-20.524,8.625,4.441,2.388,-20.933,8.419,3.714,2.715,0.183,0.159,0.634,0.489
1477010465300000,-20.301,8.742,4.486,2.314,-20.397,8.690,4.227,2.713,0.183,0.158,0.634,0.488
1477010465350000,-20.075,8.856,4.529,2.239,-20.397,8.690,4.227,2.713,0.184,0.159,0.633,0.488
1477010465400000,-19.848,8.966,4.570,2.165,-20.016,8.917,4.097,2.576,0.184,0.158,0.633,0.488
1477010465450000,-19.619,9.072,4.609,2.092,-20.016,8.917,4.097,2.576,0.184,0.158,0.633,0.488
1477010465500000,-19.387,9.175,4.647,2.019,-19.550,9.078,4.272,2.272,0.184,0.158,0.632,0.488
1477010465550000,-19.154,9.274,4.683,1.947,-19.550,9.078,4.272,2.272,0.185,0.158,0.632,0.488
1477010465600000,-18.919,9.370,4.717,1.875,-18.915,9.252,4.921,2.107,0.185,0.158,0.631,0.487
1477010465650000,-18.683,9.462,4.749,1.804,-18.915,9.252,4.921,2.107,0.185,0.158,0.631,0.487
1477010465700000,-18.445,9.550,4.780,1.734,-18.424,9.465,4.919,2.116,0.185,0.158,0.630,0.487
1477010465750000,-18.205,9.635,4.810,1.665,-18.424,9.465,4.919,2.116,0.185,0.158,0.629,0.487
1477010465800000,-17.964,9.716,4.837,1.597,-17.858,9.699,5.150,2.185,0.185,0.158,0.629,0.487
1477010465850000,-17.721,9.795,4.864,1.530,-17.858,9.699,5.150,2.185,0.185,0.158,0.628,0.487
1477010465900000,-17.478,9.869,4.889,1.463,-17.343,9.901,5.149,2.132,0.185,0.158,0.628,0.488
1477010465950000,-17.233,9.941,4.912,1.398,-17.343,9.901,5.149,2.132,0.184,0.158,0.627,0.488
1477010466000000,-16.987,10.009,4.934,1.334,-16.856,10.128,5.062,2.177,0.184,0.158,0.626,0.489
1477010466050000,-16.740,10.074,4.955,1.271,-16.856,10.128,5.062,2.177,0.184,0.157,0.626,0.491
1477010466100000,-16.491,10.136,4.975,1.209,-16.427,10.329,4.821,2.123,0.184,0.158,0.625,0.492
1477010466150000,-16.242,10.195,4.993,1.149,-16.427,10.329,4.821,2.123,0.184,0.157,0.624,0.494
1477010466200000,-15.992,10.251,5.010,1.090,-15.974,10.374,4.732,1.602,0.184,0.157,0.624,0.494
1477010466250000,-15.742,10.304,5.027,1.032,-15.974,10.374,4.732,1.602,0.184,0.157,0.623,0.494
1477010466300000,-15.490,10.354,5.042,0.975,-15.533,10.374,4.630,1.100,0.184,0.157,0.623,0.493
1477010466350000,-15.238,10.402,5.056,0.920,-15.533,10.374,4.630,1.100,0.184,0.157,0.623,0.493
1477010466400000,-14.985,10.446,5.069,0.866,-15.007,10.478,4.825,1.083,0.184,0.157,0.622,0.492
1477010466450000,-14.731,10.488,5.081,0.813,-15.007,10.478,4.825,1.083,0.184,0.157,0.622,0.492
1477010466500000,-14.477,10.528,5.092,0.762,-14.471,10.416,4.994,0.551,0.184,0.157,0.621,0.492
1477010466550000,-14.222,10.564,5.103,0.713,-14.471,10.416,4.994,0.551,0.184,0.157,0.620,0.491
1477010466600000,-13.967,10.599,5.113,0.665,-13.893,10.690,5.237,1.232,0.184,0.156,0.620,0.491
1477010466650000,-13.711,10.631,5.122,0.618,-13.893,10.690,5.237,1.232,0.184,0.156,0.619,0.492
1477010466700000,-13.455,10.661,5.130,0.574,-13.363,10.691,5.258,0.851,0.184,0.156,0.618,0.491
1477010466750000,-13.198,10.688,5.137,0.530,-13.363,10.691,5.258,0.851,0.184,0.156,0.618,0.491
1477010466800000,-12.941,10.714,5.144,0.489,-12.894,10.885,5.080,1.193,0.184,0.156,0.617,0.492
1477010466850000,-12.684,10.737,5.151,0.448,-12.894,10.885,5.080,1.193,0.184,0.156,0.616,0.492
1477010466900000,-12.426,10.759,5.157,0.410,-12.379,10.820,5.102,0.616,0.183,0.156,0.616,0.492
1477010466950000,-12.168,10.778,5.162,0.373,-12.379,10.820,5.102,0.616,0.183,0.156,0.615,0.491
1477010467000000,-11.910,10.796,5.167,0.338,-11.905,10.961,4.991,0.864,0.183,0.156,0.615,0.491
1477010467050000,-11.652,10.812,5.171,0.305,-11.905,10.961,4.991,0.864,0.183,0.156,0.614,0.492
1477010467100000,-11.393,10.827,5.175,0.273,-11.429,10.997,4.919,0.708,0.183,0.156,0.613,0.491
1477010467150000,-11.134,10.839,5.178,0.243,-11.429,10.997,4.919,0.708,0.184,0.156,0.613,0.491
1477010467200000,-10.875,10.851,5.182,0.214,-10.780,10.888,5.409,0.145,0.183,0.156,0.612,0.491
1477010467250000,-10.616,10.861,5.184,0.188,-10.780,10.888,5.409,0.145,0.183,0.155,0.612,0.490
1477010467300000,-10.357,10.870,5.187,0.163,-10.321,10.889,5.153,0.104,0.183,0.155,0.611,0.490
1477010467350000,-10.098,10.877,5.189,0.140,-10.321,10.889,5.153,0.104,0.183,0.155,0.611,0.489
1477010467400000,-9.838,10.884,5.191,0.118,-9.819,10.995,5.111,0.401,0.183,0.155,0.610,0.489
1477010467450000,-9.579,10.889,5.193,0.099,-9.819,10.995,5.111,0.401,0.183,0.155,0.609,0.489
1477010467500000,-9.319,10.894,5.194,0.081,-9.307,11.035,5.113,0.401,0.183,0.155,0.609,0.489
1477010467550000,-9.059,10.897,5.196,0.065,-9.307,11.035,5.113,0.401,0.183,0.155,0.608,0.488
1477010467600000,-8.799,10.900,5.197,0.050,-8.793,11.073,5.123,0.395,0.183,0.155,0.608,0.488
1477010467650000,-8.540,10.902,5.198,0.038,-8.793,11.073,5.123,0.395,0.183,0.155,0.607,0.488
1477010467700000,-8.280,10.904,5.198,0.027,-8.439,10.900,4.627,-0.269,0.183,0.155,0.607,0.487
1477010467750000,-8.020,10.905,5.199,0.018,-8.439,10.900,4.627,-0.269,0.184,0.155,0.607,0.487
1477010467800000,-7.760,10.906,5.199,0.011,-7.763,10.933,5.294,-0.083,0.184,0.155,0.606,0.487
1477010467850000,-7.500,10.906,5.200,0.005,-7.763,10.933,5.294,-0.083,0.184,0.154,0.606,0.486
1477010467900000,-7.240,10.906,5.200,0.002,-7.198,10.873,5.407,-0.243,0.184,0.154,0.605,0.486
