time,gt_x,gt_y,gt_vx,gt_vy,est_x,est_y,est_vx,est_vy,rmse_x,rmse_y,rmse_vx,rmse_vy
1477010443000000,0.600,0.600,5.200,0.000,0.000,0.000,0.000,0.000,0.600,0.600,5.200,0.000
1477010443050000,0.860,0.600,5.200,0.002,0.863,0.534,4.160,2.575,0.424,0.427,3.750,1.820
1477010443100000,1.120,0.600,5.199,0.005,0.863,0.534,4.160,2.575,0.377,0.351,3.120,2.100
1477010443150000,1.380,0.601,5.199,0.011,0.937,0.465,4.402,0.976,0.394,0.311,2.731,1.881
1477010443200000,1.640,0.601,5.198,0.018,0.937,0.465,4.402,0.976,0.473,0.285,2.469,1.736
1477010443250000,1.900,0.602,5.198,0.027,1.549,0.455,5.469,-0.370,0.455,0.267,2.256,1.593
1477010443300000,2.160,0.604,5.197,0.038,1.549,0.455,5.469,-0.370,0.480,0.253,2.091,1.483
1477010443350000,2.420,0.606,5.196,0.050,1.958,0.515,4.996,0.612,0.478,0.239,1.958,1.402
1477010443400000,2.679,0.609,5.195,0.065,1.958,0.515,4.996,0.612,0.511,0.228,1.847,1.334
1477010443450000,2.939,0.613,5.193,0.081,2.585,0.579,5.208,0.404,0.497,0.216,1.752,1.270
1477010443500000,3.199,0.617,5.191,0.099,2.585,0.579,5.208,0.404,0.509,0.207,1.671,1.214
1477010443550000,3.458,0.623,5.190,0.118,3.198,0.484,5.360,-0.622,0.493,0.202,1.600,1.182
1477010443600000,3.718,0.629,5.188,0.140,3.198,0.484,5.360,-0.622,0.495,0.198,1.538,1.155
1477010443650000,3.977,0.637,5.185,0.163,3.784,0.573,5.376,0.258,0.480,0.192,1.483,1.113
1477010443700000,4.236,0.645,5.183,0.188,3.784,0.573,5.376,0.258,0.478,0.186,1.434,1.076
1477010443750000,4.495,0.655,5.180,0.214,4.350,0.634,5.188,0.407,0.464,0.180,1.388,1.043
1477010443800000,4.754,0.667,5.176,0.243,4.350,0.634,5.188,0.407,0.461,0.175,1.347,1.012
1477010443850000,5.013,0.680,5.173,0.273,4.902,0.645,4.956,0.186,0.449,0.170,1.310,0.984
1477010443900000,5.272,0.694,5.169,0.304,4.902,0.645,4.956,0.186,0.445,0.166,1.276,0.958
1477010443950000,5.530,0.710,5.164,0.338,5.401,0.662,5.306,0.219,0.435,0.162,1.244,0.934
1477010444000000,5.788,0.728,5.159,0.373,5.401,0.662,5.306,0.219,0.433,0.159,1.214,0.912
1477010444050000,6.046,0.748,5.154,0.410,5.911,0.502,5.059,-0.719,0.424,0.164,1.187,0.923
1477010444100000,6.304,0.769,5.148,0.448,5.911,0.502,5.059,-0.719,0.422,0.170,1.161,0.935
1477010444150000,6.561,0.793,5.142,0.488,6.412,0.652,4.950,0.371,0.414,0.169,1.137,0.916
1477010444200000,6.818,0.818,5.135,0.530,6.412,0.652,4.950,0.371,0.414,0.168,1.114,0.898
1477010444250000,7.075,0.846,5.127,0.573,6.937,0.639,4.760,0.103,0.407,0.170,1.095,0.885
1477010444300000,7.331,0.875,5.119,0.618,6.937,0.639,4.760,0.103,0.407,0.173,1.077,0.874
1477010444350000,7.587,0.907,5.109,0.665,7.518,0.720,5.300,0.430,0.399,0.174,1.058,0.860
1477010444400000,7.842,0.942,5.100,0.712,7.518,0.720,5.300,0.430,0.397,0.175,1.040,0.846
1477010444450000,8.097,0.979,5.089,0.762,8.051,0.811,4.878,0.591,0.390,0.175,1.024,0.833
1477010444500000,8.351,1.018,5.078,0.813,8.051,0.811,4.878,0.591,0.388,0.176,1.008,0.820
1477010444550000,8.605,1.060,5.065,0.865,8.528,1.177,5.174,1.929,0.382,0.175,0.992,0.829
1477010444600000,8.858,1.105,5.052,0.919,8.528,1.177,5.174,1.929,0.381,0.173,0.977,0.835
1477010444650000,9.110,1.152,5.038,0.974,9.135,1.210,5.181,1.227,0.375,0.170,0.963,0.824
1477010444700000,9.362,1.202,5.023,1.031,9.135,1.210,5.181,1.227,0.372,0.168,0.949,0.813
1477010444750000,9.613,1.255,5.007,1.089,9.691,1.405,5.177,1.492,0.367,0.167,0.937,0.804
1477010444800000,9.863,1.311,4.989,1.148,9.691,1.405,5.177,1.492,0.363,0.166,0.924,0.795
1477010444850000,10.112,1.370,4.971,1.208,10.205,1.615,4.765,1.656,0.358,0.168,0.913,0.788
1477010444900000,10.360,1.432,4.951,1.270,10.205,1.615,4.765,1.656,0.354,0.169,0.901,0.780
1477010444950000,10.607,1.497,4.930,1.333,10.688,1.724,4.508,1.404,0.350,0.170,0.893,0.770
1477010445000000,10.853,1.565,4.908,1.397,10.688,1.724,4.508,1.404,0.347,0.170,0.884,0.761
1477010445050000,11.098,1.637,4.884,1.462,11.222,1.633,4.981,0.574,0.343,0.168,0.873,0.764
1477010445100000,11.342,1.712,4.859,1.528,11.222,1.633,4.981,0.574,0.340,0.167,0.863,0.769
1477010445150000,11.584,1.790,4.833,1.596,11.695,1.629,4.889,0.353,0.336,0.167,0.854,0.783
1477010445200000,11.825,1.871,4.805,1.664,11.695,1.629,4.889,0.353,0.333,0.169,0.844,0.799
1477010445250000,12.065,1.956,4.776,1.733,12.170,1.900,5.035,1.227,0.330,0.167,0.836,0.793
1477010445300000,12.303,2.045,4.745,1.803,12.170,1.900,5.035,1.227,0.327,0.167,0.828,0.789
1477010445350000,12.539,2.137,4.713,1.873,12.682,1.916,5.192,0.874,0.324,0.168,0.822,0.794
1477010445400000,12.774,2.232,4.678,1.945,12.682,1.916,5.192,0.874,0.321,0.172,0.817,0.801
1477010445450000,13.007,2.331,4.643,2.017,13.171,2.303,5.139,1.914,0.319,0.170,0.812,0.793
1477010445500000,13.239,2.434,4.605,2.090,13.171,2.303,5.139,1.914,0.316,0.170,0.807,0.786
1477010445550000,13.468,2.540,4.566,2.163,13.486,2.833,4.167,2.962,0.313,0.173,0.801,0.786
1477010445600000,13.696,2.651,4.524,2.237,13.486,2.833,4.167,2.962,0.311,0.173,0.795,0.785
1477010445650000,13.921,2.764,4.481,2.311,13.926,2.965,4.336,2.435,0.308,0.174,0.788,0.778
1477010445700000,14.144,2.882,4.437,2.386,13.926,2.965,4.336,2.435,0.307,0.172,0.781,0.771
1477010445750000,14.365,3.003,4.390,2.461,14.429,3.053,4.793,1.971,0.304,0.171,0.776,0.767
1477010445800000,14.583,3.128,4.341,2.536,14.429,3.053,4.793,1.971,0.302,0.170,0.771,0.763
1477010445850000,14.799,3.257,4.290,2.612,14.830,3.572,4.566,3.009,0.299,0.173,0.766,0.759
1477010445900000,15.012,3.389,4.237,2.687,14.830,3.572,4.566,3.009,0.298,0.174,0.760,0.753
1477010445950000,15.223,3.526,4.183,2.762,15.248,3.974,4.128,3.237,0.295,0.182,0.754,0.750
1477010446000000,15.431,3.666,4.126,2.838,15.248,3.974,4.128,3.237,0.294,0.184,0.748,0.745
1477010446050000,15.636,3.810,4.067,2.913,15.731,3.919,4.344,2.073,0.292,0.183,0.743,0.747
1477010446100000,15.837,3.957,4.006,2.988,15.731,3.919,4.344,2.073,0.290,0.182,0.738,0.750
1477010446150000,16.036,4.109,3.943,3.063,16.162,4.144,4.116,2.067,0.288,0.181,0.732,0.754
1477010446200000,16.232,4.264,3.877,3.137,16.162,4.144,4.116,2.067,0.286,0.180,0.727,0.760
1477010446250000,16.424,4.422,3.810,3.211,16.595,4.393,4.258,2.216,0.284,0.178,0.724,0.764
1477010446300000,16.613,4.585,3.740,3.284,16.595,4.393,4.258,2.216,0.282,0.179,0.721,0.770
1477010446350000,16.798,4.751,3.668,3.357,16.929,4.802,3.534,2.623,0.281,0.177,0.716,0.769
1477010446400000,16.980,4.921,3.594,3.429,16.929,4.802,3.534,2.623,0.279,0.177,0.711,0.770
1477010446450000,17.158,5.094,3.518,3.500,17.330,4.892,3.743,2.140,0.277,0.177,0.706,0.781
1477010446500000,17.332,5.271,3.440,3.570,17.330,4.892,3.743,2.140,0.275,0.182,0.702,0.794
1477010446550000,17.502,5.451,3.359,3.639,17.720,4.965,3.746,1.724,0.275,0.189,0.699,0.820
1477010446600000,17.668,5.635,3.276,3.708,17.720,4.965,3.746,1.724,0.273,0.204,0.696,0.847
1477010446650000,17.830,5.822,3.192,3.775,17.982,5.509,3.262,2.722,0.272,0.205,0.692,0.850
1477010446700000,17.987,6.013,3.105,3.840,17.982,5.509,3.262,2.722,0.270,0.212,0.687,0.854
1477010446750000,18.140,6.206,3.015,3.905,18.200,6.190,2.967,3.880,0.268,0.211,0.683,0.849
1477010446800000,18.289,6.403,2.924,3.968,18.200,6.190,2.967,3.880,0.267,0.211,0.678,0.843
1477010446850000,18.433,6.603,2.831,4.029,18.430,6.750,2.635,4.304,0.265,0.210,0.674,0.838
1477010446900000,18.572,6.806,2.736,4.089,18.430,6.750,2.635,4.304,0.264,0.209,0.670,0.833
1477010446950000,18.706,7.012,2.638,4.147,18.708,7.195,2.710,4.355,0.262,0.209,0.666,0.828
1477010447000000,18.836,7.221,2.539,4.203,18.708,7.195,2.710,4.355,0.261,0.207,0.662,0.823
1477010447050000,18.960,7.433,2.438,4.257,18.914,7.575,2.272,4.106,0.259,0.207,0.658,0.819
1477010447100000,19.080,7.647,2.335,4.310,18.914,7.575,2.272,4.106,0.258,0.206,0.654,0.814
1477010447150000,19.194,7.864,2.229,4.360,19.201,7.858,2.491,3.780,0.257,0.204,0.651,0.812
1477010447200000,19.303,8.083,2.123,4.408,19.201,7.858,2.491,3.780,0.256,0.205,0.649,0.810
1477010447250000,19.406,8.305,2.014,4.454,19.400,8.258,2.431,3.878,0.254,0.203,0.646,0.807
1477010447300000,19.504,8.529,1.904,4.498,19.400,8.258,2.431,3.878,0.253,0.204,0.645,0.805
1477010447350000,19.597,8.755,1.792,4.540,19.658,8.531,2.265,3.486,0.251,0.205,0.643,0.809
1477010447400000,19.683,8.983,1.678,4.578,19.658,8.531,2.265,3.486,0.250,0.209,0.643,0.812
1477010447450000,19.765,9.213,1.563,4.615,19.767,9.112,1.795,4.018,0.249,0.208,0.640,0.810
1477010447500000,19.840,9.445,1.447,4.649,19.767,9.112,1.795,4.018,0.247,0.210,0.637,0.809
1477010447550000,19.909,9.678,1.329,4.680,19.853,9.626,1.364,4.224,0.246,0.209,0.634,0.806
1477010447600000,19.973,9.913,1.210,4.708,19.853,9.626,1.364,4.224,0.245,0.210,0.630,0.803
1477010447650000,20.030,10.149,1.090,4.734,19.701,10.651,0.654,5.835,0.246,0.215,0.629,0.807
1477010447700000,20.082,10.386,0.968,4.757,19.701,10.651,0.654,5.835,0.248,0.216,0.626,0.810
1477010447750000,20.127,10.625,0.846,4.777,19.770,11.090,0.351,5.310,0.249,0.220,0.625,0.807
1477010447800000,20.166,10.864,0.722,4.793,19.770,11.090,0.351,5.310,0.251,0.220,0.623,0.805
1477010447850000,20.199,11.104,0.598,4.807,19.657,11.897,-0.052,6.008,0.256,0.233,0.623,0.810
1477010447900000,20.226,11.345,0.473,4.818,19.657,11.897,-0.052,6.008,0.261,0.238,0.622,0.815
1477010447950000,20.247,11.586,0.347,4.826,19.562,12.437,-0.766,5.559,0.269,0.252,0.629,0.814
1477010448000000,20.261,11.828,0.220,4.830,19.562,12.437,-0.766,5.559,0.276,0.258,0.634,0.813
1477010448050000,20.269,12.069,0.093,4.832,19.726,12.626,0.168,4.815,0.280,0.262,0.631,0.809
1477010448100000,20.270,12.311,-0.034,4.830,19.726,12.626,0.168,4.815,0.284,0.263,0.628,0.805
1477010448150000,20.265,12.552,-0.162,4.825,19.833,12.853,-0.013,3.908,0.286,0.263,0.625,0.806
1477010448200000,20.254,12.793,-0.289,4.816,19.833,12.853,-0.013,3.908,0.287,0.262,0.623,0.807
1477010448250000,20.236,13.034,-0.417,4.804,20.144,12.799,0.707,2.741,0.286,0.262,0.629,0.828
1477010448300000,20.212,13.274,-0.545,4.789,20.144,12.799,0.707,2.741,0.285,0.265,0.638,0.848
1477010448350000,20.182,13.513,-0.673,4.771,20.095,13.260,0.433,3.226,0.283,0.265,0.644,0.857
1477010448400000,20.145,13.751,-0.801,4.749,20.095,13.260,0.433,3.226,0.282,0.267,0.652,0.865
1477010448450000,20.102,13.988,-0.928,4.724,20.161,13.528,0.263,2.938,0.281,0.270,0.658,0.878
1477010448500000,20.052,14.223,-1.055,4.695,20.161,13.528,0.263,2.938,0.280,0.277,0.667,0.890
1477010448550000,19.996,14.457,-1.181,4.663,20.011,14.056,-0.251,3.459,0.279,0.278,0.670,0.893
1477010448600000,19.934,14.690,-1.307,4.628,20.011,14.056,-0.251,3.459,0.278,0.283,0.674,0.896
1477010448650000,19.865,14.920,-1.432,4.589,20.056,14.269,-0.111,3.111,0.277,0.288,0.683,0.903
1477010448700000,19.791,15.149,-1.556,4.548,20.056,14.269,-0.111,3.111,0.277,0.299,0.693,0.909
1477010448750000,19.710,15.375,-1.679,4.502,19.889,14.750,-1.155,2.974,0.276,0.303,0.692,0.916
1477010448800000,19.623,15.599,-1.801,4.454,19.889,14.750,-1.155,2.974,0.276,0.312,0.691,0.922
1477010448850000,19.530,15.820,-1.922,4.402,19.811,15.045,-0.956,3.044,0.276,0.318,0.694,0.927
1477010448900000,19.431,16.039,-2.041,4.347,19.811,15.045,-0.956,3.044,0.277,0.330,0.698,0.930
1477010448950000,19.326,16.255,-2.159,4.289,19.516,15.614,-1.415,3.715,0.276,0.334,0.699,0.928
1477010449000000,19.215,16.468,-2.276,4.227,19.516,15.614,-1.415,3.715,0.277,0.341,0.700,0.925
1477010449050000,19.098,16.678,-2.391,4.163,19.314,16.047,-1.849,3.613,0.276,0.345,0.699,0.923
1477010449100000,18.976,16.884,-2.504,4.095,19.314,16.047,-1.849,3.613,0.277,0.351,0.699,0.920
1477010449150000,18.848,17.087,-2.616,4.025,18.850,16.750,-3.058,3.867,0.276,0.351,0.697,0.917
1477010449200000,18.714,17.287,-2.725,3.951,18.850,16.750,-3.058,3.867,0.275,0.353,0.695,0.913
1477010449250000,18.575,17.482,-2.833,3.875,18.648,17.093,-2.503,4.028,0.274,0.354,0.693,0.909
1477010449300000,18.431,17.674,-2.939,3.796,18.648,17.093,-2.503,4.028,0.273,0.356,0.691,0.906
1477010449350000,18.281,17.862,-3.042,3.714,18.362,17.499,-2.706,3.920,0.272,0.356,0.689,0.903
1477010449400000,18.127,18.045,-3.143,3.629,18.362,17.499,-2.706,3.920,0.272,0.358,0.687,0.900
1477010449450000,17.967,18.225,-3.242,3.542,18.159,17.725,-2.933,3.148,0.272,0.359,0.685,0.897
1477010449500000,17.803,18.399,-3.338,3.452,18.159,17.725,-2.933,3.148,0.272,0.363,0.684,0.894
1477010449550000,17.633,18.570,-3.432,3.360,18.074,17.923,-2.514,2.751,0.274,0.366,0.686,0.892
1477010449600000,17.459,18.735,-3.524,3.265,18.074,17.923,-2.514,2.751,0.278,0.371,0.689,0.890
1477010449650000,17.281,18.896,-3.613,3.168,17.819,18.152,-2.705,2.449,0.281,0.375,0.691,0.889
1477010449700000,17.098,19.052,-3.699,3.069,17.819,18.152,-2.705,2.449,0.287,0.382,0.693,0.887
1477010449750000,16.911,19.203,-3.782,2.968,17.204,18.802,-3.647,3.257,0.287,0.382,0.691,0.884
1477010449800000,16.720,19.349,-3.863,2.865,17.204,18.802,-3.647,3.257,0.289,0.383,0.689,0.881
1477010449850000,16.525,19.489,-3.940,2.759,16.497,19.449,-4.743,3.635,0.288,0.382,0.690,0.881
1477010449900000,16.326,19.625,-4.015,2.652,16.497,19.449,-4.743,3.635,0.287,0.381,0.690,0.882
1477010449950000,16.124,19.755,-4.087,2.544,16.317,19.379,-4.264,2.440,0.286,0.381,0.687,0.879
1477010450000000,15.918,19.879,-4.156,2.433,16.317,19.379,-4.264,2.440,0.287,0.382,0.685,0.876
1477010450050000,15.708,19.998,-4.222,2.321,16.047,19.501,-3.734,2.340,0.288,0.383,0.684,0.873
1477010450100000,15.496,20.111,-4.285,2.208,16.047,19.501,-3.734,2.340,0.290,0.385,0.683,0.870
1477010450150000,15.280,20.219,-4.344,2.093,15.102,20.239,-5.287,3.240,0.290,0.383,0.685,0.872
1477010450200000,15.061,20.320,-4.401,1.978,15.102,20.239,-5.287,3.240,0.289,0.382,0.687,0.875
1477010450250000,14.840,20.416,-4.454,1.861,14.683,20.387,-5.225,2.584,0.288,0.381,0.687,0.874
1477010450300000,14.616,20.506,-4.504,1.743,14.683,20.387,-5.225,2.584,0.287,0.380,0.688,0.874
1477010450350000,14.390,20.590,-4.551,1.624,14.012,20.736,-5.749,2.520,0.288,0.379,0.692,0.874
1477010450400000,14.161,20.669,-4.595,1.504,14.012,20.736,-5.749,2.520,0.287,0.377,0.696,0.875
1477010450450000,13.930,20.741,-4.636,1.384,13.550,20.885,-5.650,1.993,0.288,0.376,0.699,0.874
1477010450500000,13.698,20.807,-4.674,1.263,13.550,20.885,-5.650,1.993,0.287,0.375,0.701,0.873
1477010450550000,13.463,20.867,-4.708,1.142,13.298,20.808,-5.132,0.969,0.287,0.374,0.700,0.870
1477010450600000,13.227,20.921,-4.739,1.020,13.298,20.808,-5.132,0.969,0.286,0.373,0.698,0.867
1477010450650000,12.990,20.969,-4.767,0.898,12.892,20.888,-4.894,0.863,0.285,0.372,0.696,0.864
1477010450700000,12.751,21.011,-4.792,0.775,12.892,20.888,-4.894,0.863,0.284,0.371,0.694,0.862
1477010450750000,12.511,21.047,-4.814,0.653,12.032,21.204,-5.901,1.189,0.286,0.370,0.697,0.860
1477010450800000,12.269,21.076,-4.832,0.531,12.032,21.204,-5.901,1.189,0.286,0.369,0.700,0.859
1477010450850000,12.028,21.100,-4.848,0.409,11.747,21.136,-5.323,0.441,0.286,0.367,0.699,0.856
1477010450900000,11.785,21.117,-4.860,0.287,11.747,21.136,-5.323,0.441,0.285,0.366,0.698,0.854
1477010450950000,11.542,21.128,-4.870,0.165,11.376,21.034,-4.998,-0.029,0.284,0.365,0.696,0.851
1477010451000000,11.298,21.134,-4.876,0.044,11.376,21.034,-4.998,-0.029,0.283,0.364,0.693,0.848
1477010451050000,11.054,21.133,-4.880,-0.077,10.833,20.976,-5.152,-0.225,0.283,0.363,0.692,0.846
1477010451100000,10.810,21.126,-4.881,-0.197,10.833,20.976,-5.152,-0.225,0.282,0.362,0.690,0.843
1477010451150000,10.567,21.113,-4.878,-0.316,9.931,21.158,-6.103,0.334,0.286,0.361,0.694,0.842
1477010451200000,10.323,21.094,-4.873,-0.435,9.931,21.158,-6.103,0.334,0.286,0.360,0.699,0.842
1477010451250000,10.080,21.070,-4.866,-0.552,9.513,21.101,-5.773,-0.247,0.289,0.359,0.700,0.840
1477010451300000,9.837,21.039,-4.856,-0.669,9.513,21.101,-5.773,-0.247,0.289,0.358,0.702,0.838
1477010451350000,9.594,21.003,-4.843,-0.785,9.088,21.034,-5.363,-0.311,0.291,0.357,0.701,0.836
1477010451400000,9.353,20.961,-4.827,-0.900,9.088,21.034,-5.363,-0.311,0.291,0.356,0.700,0.835
1477010451450000,9.112,20.913,-4.809,-1.014,8.921,20.840,-4.586,-1.083,0.290,0.355,0.698,0.832
1477010451500000,8.872,20.859,-4.789,-1.126,8.921,20.840,-4.586,-1.083,0.289,0.354,0.696,0.830
1477010451550000,8.633,20.800,-4.766,-1.237,9.035,20.437,-3.218,-1.969,0.290,0.354,0.704,0.829
1477010451600000,8.396,20.736,-4.741,-1.347,9.035,20.437,-3.218,-1.969,0.293,0.354,0.712,0.828
1477010451650000,8.159,20.666,-4.714,-1.455,8.532,20.321,-3.709,-1.858,0.294,0.354,0.714,0.826
1477010451700000,7.924,20.590,-4.685,-1.562,8.532,20.321,-3.709,-1.858,0.297,0.353,0.715,0.824
1477010451750000,7.691,20.510,-4.653,-1.668,8.139,20.175,-3.881,-2.077,0.298,0.353,0.716,0.823
1477010451800000,7.459,20.424,-4.620,-1.772,8.139,20.175,-3.881,-2.077,0.301,0.353,0.716,0.821
1477010451850000,7.229,20.333,-4.584,-1.874,7.488,20.066,-4.561,-1.823,0.301,0.352,0.714,0.818
1477010451900000,7.001,20.236,-4.547,-1.975,7.488,20.066,-4.561,-1.823,0.302,0.351,0.712,0.816
1477010451950000,6.775,20.135,-4.509,-2.074,6.947,19.929,-4.811,-1.819,0.302,0.351,0.710,0.814
1477010452000000,6.551,20.029,-4.468,-2.171,6.947,19.929,-4.811,-1.819,0.302,0.350,0.709,0.812
1477010452050000,6.328,19.918,-4.426,-2.266,6.493,19.773,-4.809,-2.007,0.302,0.349,0.707,0.810
1477010452100000,6.108,19.803,-4.382,-2.360,6.493,19.773,-4.809,-2.007,0.302,0.348,0.706,0.808
1477010452150000,5.890,19.682,-4.337,-2.452,5.729,19.606,-5.624,-2.210,0.302,0.347,0.711,0.806
1477010452200000,5.675,19.558,-4.291,-2.542,5.729,19.606,-5.624,-2.210,0.301,0.346,0.715,0.805
1477010452250000,5.461,19.428,-4.244,-2.630,5.513,19.246,-4.741,-2.661,0.300,0.346,0.714,0.802
1477010452300000,5.251,19.295,-4.195,-2.716,5.513,19.246,-4.741,-2.661,0.300,0.345,0.714,0.800
1477010452350000,5.042,19.157,-4.145,-2.801,5.347,18.953,-3.883,-2.676,0.300,0.344,0.712,0.798
1477010452400000,4.836,19.015,-4.094,-2.883,5.347,18.953,-3.883,-2.676,0.301,0.343,0.710,0.796
1477010452450000,4.633,18.869,-4.043,-2.964,4.530,18.790,-5.085,-2.707,0.301,0.342,0.712,0.794
1477010452500000,4.432,18.719,-3.990,-3.042,4.530,18.790,-5.085,-2.707,0.300,0.341,0.715,0.793
1477010452550000,4.234,18.565,-3.937,-3.119,4.308,18.457,-4.291,-2.833,0.299,0.341,0.714,0.791
1477010452600000,4.039,18.407,-3.883,-3.194,4.308,18.457,-4.291,-2.833,0.299,0.340,0.712,0.789
1477010452650000,3.846,18.246,-3.828,-3.266,3.639,18.234,-5.030,-3.319,0.299,0.339,0.716,0.787
1477010452700000,3.656,18.081,-3.773,-3.337,3.639,18.234,-5.030,-3.319,0.298,0.338,0.719,0.785
1477010452750000,3.469,17.912,-3.718,-3.406,3.647,17.830,-3.562,-3.342,0.298,0.337,0.718,0.783
1477010452800000,3.284,17.740,-3.662,-3.473,3.647,17.830,-3.562,-3.342,0.298,0.337,0.716,0.781
1477010452850000,3.103,17.565,-3.606,-3.538,2.990,17.555,-4.432,-3.544,0.297,0.336,0.717,0.779
1477010452900000,2.924,17.387,-3.550,-3.602,2.990,17.555,-4.432,-3.544,0.297,0.335,0.717,0.777
1477010452950000,2.748,17.205,-3.493,-3.663,2.868,17.114,-3.582,-4.040,0.296,0.334,0.716,0.776
1477010453000000,2.575,17.021,-3.437,-3.723,2.868,17.114,-3.582,-4.040,0.296,0.334,0.714,0.774
1477010453050000,2.404,16.833,-3.381,-3.780,2.518,16.765,-3.509,-3.511,0.295,0.333,0.712,0.773
1477010453100000,2.237,16.643,-3.324,-3.836,2.518,16.765,-3.509,-3.511,0.295,0.332,0.711,0.771
1477010453150000,2.072,16.450,-3.268,-3.890,1.916,16.408,-4.240,-3.465,0.295,0.331,0.712,0.770
1477010453200000,1.910,16.254,-3.212,-3.942,1.916,16.408,-4.240,-3.465,0.294,0.331,0.714,0.769
1477010453250000,1.751,16.056,-3.157,-3.993,1.596,16.061,-3.940,-3.605,0.293,0.330,0.714,0.767
1477010453300000,1.595,15.855,-3.101,-4.041,1.596,16.061,-3.940,-3.605,0.293,0.329,0.715,0.766
1477010453350000,1.441,15.652,-3.046,-4.088,1.395,15.625,-3.406,-4.242,0.292,0.329,0.714,0.764
1477010453400000,1.290,15.446,-2.992,-4.134,1.395,15.625,-3.406,-4.242,0.291,0.328,0.713,0.762
1477010453450000,1.142,15.239,-2.938,-4.177,0.937,15.251,-3.761,-4.057,0.291,0.327,0.713,0.761
1477010453500000,0.996,15.029,-2.885,-4.219,0.937,15.251,-3.761,-4.057,0.290,0.327,0.714,0.759
1477010453550000,0.854,14.817,-2.832,-4.260,0.778,14.873,-3.088,-3.967,0.290,0.326,0.713,0.757
1477010453600000,0.713,14.603,-2.781,-4.299,0.778,14.873,-3.088,-3.967,0.289,0.326,0.711,0.756
1477010453650000,0.576,14.387,-2.730,-4.336,0.599,14.413,-2.703,-4.473,0.288,0.325,0.710,0.754
1477010453700000,0.440,14.170,-2.679,-4.372,0.599,14.413,-2.703,-4.473,0.288,0.325,0.708,0.752
1477010453750000,0.308,13.950,-2.630,-4.406,0.155,13.943,-3.240,-4.840,0.288,0.324,0.707,0.751
1477010453800000,0.178,13.729,-2.581,-4.439,0.155,13.943,-3.240,-4.840,0.287,0.324,0.707,0.750
1477010453850000,0.050,13.507,-2.534,-4.471,-0.059,13.463,-2.885,-4.975,0.286,0.323,0.706,0.749
1477010453900000,-0.076,13.282,-2.487,-4.501,-0.059,13.463,-2.885,-4.975,0.286,0.322,0.705,0.748
1477010453950000,-0.199,13.057,-2.442,-4.530,-0.312,13.006,-2.775,-4.635,0.285,0.322,0.704,0.746
1477010454000000,-0.320,12.830,-2.397,-4.557,-0.312,13.006,-2.775,-4.635,0.284,0.321,0.703,0.745
1477010454050000,-0.439,12.601,-2.354,-4.583,-0.644,12.533,-2.966,-4.528,0.284,0.320,0.702,0.743
1477010454100000,-0.555,12.371,-2.312,-4.608,-0.644,12.533,-2.966,-4.528,0.284,0.320,0.702,0.741
1477010454150000,-0.670,12.140,-2.271,-4.632,-0.943,12.114,-2.953,-4.613,0.284,0.319,0.702,0.740
1477010454200000,-0.782,11.908,-2.231,-4.655,-0.943,12.114,-2.953,-4.613,0.283,0.319,0.702,0.738
1477010454250000,-0.893,11.675,-2.193,-4.676,-1.251,11.641,-2.985,-4.756,0.283,0.318,0.702,0.736
1477010454300000,-1.002,11.441,-2.156,-4.696,-1.251,11.641,-2.985,-4.756,0.283,0.318,0.703,0.735
1477010454350000,-1.109,11.206,-2.120,-4.715,-1.208,11.180,-1.816,-4.504,0.283,0.317,0.702,0.733
1477010454400000,-1.214,10.969,-2.086,-4.734,-1.208,11.180,-1.816,-4.504,0.282,0.317,0.700,0.732
1477010454450000,-1.317,10.732,-2.053,-4.751,-1.326,10.723,-1.543,-4.856,0.282,0.316,0.700,0.730
1477010454500000,-1.419,10.495,-2.021,-4.767,-1.326,10.723,-1.543,-4.856,0.281,0.316,0.699,0.729
1477010454550000,-1.519,10.256,-1.991,-4.782,-1.553,10.198,-1.797,-5.044,0.280,0.315,0.698,0.727
1477010454600000,-1.618,10.016,-1.962,-4.796,-1.553,10.198,-1.797,-5.044,0.280,0.314,0.696,0.726
1477010454650000,-1.715,9.776,-1.935,-4.809,-1.642,9.749,-1.480,-4.738,0.279,0.314,0.695,0.725
1477010454700000,-1.811,9.536,-1.909,-4.822,-1.642,9.749,-1.480,-4.738,0.279,0.313,0.694,0.723
1477010454750000,-1.906,9.294,-1.885,-4.833,-2.035,9.223,-2.340,-5.173,0.278,0.313,0.693,0.722
1477010454800000,-2.000,9.052,-1.862,-4.844,-2.035,9.223,-2.340,-5.173,0.278,0.312,0.693,0.721
1477010454850000,-2.093,8.810,-1.841,-4.853,-2.058,8.798,-1.539,-4.779,0.277,0.312,0.692,0.719
1477010454900000,-2.184,8.567,-1.822,-4.862,-2.058,8.798,-1.539,-4.779,0.277,0.311,0.690,0.718
1477010454950000,-2.275,8.324,-1.804,-4.870,-2.470,8.235,-2.506,-5.211,0.277,0.311,0.690,0.716
1477010455000000,-2.365,8.080,-1.787,-4.878,-2.470,8.235,-2.506,-5.211,0.276,0.310,0.691,0.715
1477010455050000,-2.453,7.836,-1.772,-4.884,-2.363,7.873,-1.022,-4.751,0.276,0.310,0.691,0.714
1477010455100000,-2.542,7.592,-1.759,-4.890,-2.363,7.873,-1.022,-4.751,0.275,0.310,0.691,0.712
1477010455150000,-2.629,7.347,-1.748,-4.895,-2.819,7.308,-2.527,-4.982,0.275,0.309,0.691,0.711
1477010455200000,-2.717,7.102,-1.738,-4.899,-2.819,7.308,-2.527,-4.982,0.274,0.309,0.692,0.710
1477010455250000,-2.803,6.857,-1.730,-4.903,-2.837,6.899,-1.437,-4.888,0.274,0.308,0.691,0.708
1477010455300000,-2.890,6.612,-1.723,-4.906,-2.837,6.899,-1.437,-4.888,0.273,0.308,0.689,0.707
1477010455350000,-2.976,6.367,-1.718,-4.908,-2.780,6.505,-0.716,-4.161,0.273,0.307,0.691,0.707
1477010455400000,-3.061,6.121,-1.715,-4.909,-2.780,6.505,-0.716,-4.161,0.273,0.308,0.693,0.707
1477010455450000,-3.147,5.876,-1.713,-4.910,-3.157,5.932,-1.946,-5.083,0.273,0.307,0.691,0.706
1477010455500000,-3.233,5.630,-1.713,-4.910,-3.157,5.932,-1.946,-5.083,0.272,0.307,0.690,0.704
1477010455550000,-3.318,5.385,-1.715,-4.909,-3.344,5.418,-2.042,-4.888,0.272,0.307,0.689,0.703
1477010455600000,-3.404,5.140,-1.718,-4.907,-3.344,5.418,-2.042,-4.888,0.271,0.306,0.688,0.702
1477010455650000,-3.490,4.894,-1.723,-4.905,-3.474,4.948,-1.593,-4.927,0.271,0.306,0.687,0.700
1477010455700000,-3.577,4.649,-1.729,-4.902,-3.474,4.948,-1.593,-4.927,0.270,0.306,0.685,0.699
1477010455750000,-3.663,4.404,-1.738,-4.899,-3.673,4.418,-1.987,-4.863,0.270,0.305,0.684,0.698
1477010455800000,-3.750,4.159,-1.747,-4.894,-3.673,4.418,-1.987,-4.863,0.269,0.305,0.683,0.696
1477010455850000,-3.838,3.915,-1.759,-4.889,-3.879,3.932,-1.840,-5.055,0.269,0.304,0.682,0.695
1477010455900000,-3.926,3.670,-1.772,-4.883,-3.879,3.932,-1.840,-5.055,0.268,0.304,0.680,0.694
1477010455950000,-4.015,3.426,-1.787,-4.877,-4.002,3.576,-1.547,-4.323,0.268,0.304,0.679,0.693
1477010456000000,-4.105,3.182,-1.803,-4.869,-4.002,3.576,-1.547,-4.323,0.267,0.304,0.678,0.693
1477010456050000,-4.196,2.939,-1.821,-4.861,-4.278,2.993,-2.283,-4.972,0.267,0.304,0.677,0.691
1477010456100000,-4.287,2.696,-1.841,-4.852,-4.278,2.993,-2.283,-4.972,0.266,0.304,0.677,0.690
1477010456150000,-4.380,2.454,-1.862,-4.842,-4.484,2.466,-2.068,-5.164,0.266,0.303,0.676,0.689
1477010456200000,-4.474,2.212,-1.884,-4.831,-4.484,2.466,-2.068,-5.164,0.265,0.303,0.674,0.688
1477010456250000,-4.568,1.971,-1.909,-4.820,-4.640,2.027,-2.134,-4.590,0.265,0.302,0.673,0.687
1477010456300000,-4.664,1.730,-1.934,-4.808,-4.640,2.027,-2.134,-4.590,0.264,0.302,0.672,0.686
1477010456350000,-4.762,1.490,-1.961,-4.794,-4.907,1.475,-2.497,-5.079,0.264,0.302,0.672,0.685
1477010456400000,-4.861,1.250,-1.990,-4.780,-4.907,1.475,-2.497,-5.079,0.263,0.302,0.671,0.684
1477010456450000,-4.961,1.012,-2.020,-4.765,-5.089,1.068,-2.018,-4.567,0.263,0.301,0.670,0.682
1477010456500000,-5.063,0.774,-2.052,-4.748,-5.089,1.068,-2.018,-4.567,0.263,0.301,0.669,0.681
1477010456550000,-5.166,0.537,-2.085,-4.731,-5.281,0.356,-2.290,-5.843,0.262,0.301,0.667,0.683
1477010456600000,-5.271,0.301,-2.119,-4.713,-5.281,0.356,-2.290,-5.843,0.262,0.300,0.666,0.686
1477010456650000,-5.378,0.065,-2.155,-4.694,-5.513,-0.250,-1.751,-5.960,0.261,0.300,0.666,0.689
1477010456700000,-5.487,-0.169,-2.192,-4.673,-5.513,-0.250,-1.751,-5.960,0.261,0.300,0.665,0.692
1477010456750000,-5.597,-0.402,-2.230,-4.652,-5.656,-0.399,-1.731,-3.716,0.260,0.299,0.664,0.693
1477010456800000,-5.710,-0.634,-2.270,-4.629,-5.656,-0.399,-1.731,-3.716,0.260,0.299,0.664,0.694
1477010456850000,-5.825,-0.865,-2.311,-4.605,-5.840,-0.791,-2.508,-3.904,0.259,0.298,0.663,0.694
1477010456900000,-5.941,-1.095,-2.353,-4.580,-5.840,-0.791,-2.508,-3.904,0.259,0.298,0.662,0.694
1477010456950000,-6.060,-1.323,-2.396,-4.554,-6.006,-1.419,-2.227,-5.129,0.259,0.298,0.661,0.693
1477010457000000,-6.181,-1.550,-2.440,-4.526,-6.006,-1.419,-2.227,-5.129,0.258,0.297,0.660,0.693
1477010457050000,-6.304,-1.776,-2.486,-4.498,-6.261,-1.862,-2.711,-4.867,0.258,0.297,0.659,0.692
1477010457100000,-6.430,-2.000,-2.532,-4.467,-6.261,-1.862,-2.711,-4.867,0.258,0.297,0.657,0.691
1477010457150000,-6.557,-2.223,-2.579,-4.436,-6.593,-2.186,-2.730,-4.006,0.257,0.296,0.656,0.690
1477010457200000,-6.688,-2.444,-2.628,-4.403,-6.593,-2.186,-2.730,-4.006,0.257,0.296,0.655,0.690
1477010457250000,-6.820,-2.663,-2.677,-4.368,-6.908,-2.596,-2.949,-4.064,0.256,0.295,0.654,0.689
1477010457300000,-6.955,-2.881,-2.727,-4.333,-6.908,-2.596,-2.949,-4.064,0.256,0.295,0.653,0.688
1477010457350000,-7.093,-3.097,-2.778,-4.295,-7.152,-3.119,-2.653,-4.539,0.256,0.295,0.652,0.687
1477010457400000,-7.233,-3.311,-2.830,-4.256,-7.152,-3.119,-2.653,-4.539,0.255,0.295,0.651,0.686
1477010457450000,-7.376,-3.522,-2.883,-4.216,-7.396,-3.746,-2.394,-5.209,0.255,0.294,0.651,0.687
1477010457500000,-7.522,-3.732,-2.936,-4.174,-7.396,-3.746,-2.394,-5.209,0.254,0.294,0.650,0.688
1477010457550000,-7.670,-3.940,-2.990,-4.130,-7.682,-4.111,-2.695,-4.616,0.254,0.294,0.649,0.688
1477010457600000,-7.821,-4.145,-3.044,-4.085,-7.682,-4.111,-2.695,-4.616,0.254,0.293,0.649,0.687
1477010457650000,-7.975,-4.349,-3.099,-4.038,-7.977,-4.551,-2.774,-4.512,0.253,0.293,0.648,0.687
1477010457700000,-8.131,-4.549,-3.154,-3.989,-7.977,-4.551,-2.774,-4.512,0.253,0.292,0.647,0.686
1477010457750000,-8.290,-4.748,-3.209,-3.939,-8.283,-4.934,-2.679,-4.115,0.253,0.292,0.647,0.685
1477010457800000,-8.452,-4.943,-3.265,-3.886,-8.283,-4.934,-2.679,-4.115,0.252,0.292,0.647,0.684
1477010457850000,-8.617,-5.136,-3.321,-3.832,-8.647,-5.112,-3.112,-3.244,0.252,0.291,0.646,0.684
1477010457900000,-8.784,-5.327,-3.377,-3.777,-8.647,-5.112,-3.112,-3.244,0.252,0.291,0.645,0.683
1477010457950000,-8.955,-5.514,-3.434,-3.719,-8.944,-5.534,-3.162,-3.686,0.251,0.290,0.644,0.682
1477010458000000,-9.128,-5.699,-3.490,-3.660,-8.944,-5.534,-3.162,-3.686,0.251,0.290,0.643,0.681
1477010458050000,-9.304,-5.880,-3.546,-3.598,-9.260,-5.779,-3.228,-3.269,0.251,0.290,0.642,0.680
1477010458100000,-9.483,-6.059,-3.603,-3.535,-9.260,-5.779,-3.228,-3.269,0.251,0.290,0.641,0.679
1477010458150000,-9.664,-6.234,-3.659,-3.470,-9.586,-6.188,-3.265,-3.589,0.250,0.289,0.641,0.678
1477010458200000,-9.849,-6.406,-3.714,-3.403,-9.586,-6.188,-3.265,-3.589,0.250,0.289,0.640,0.677
1477010458250000,-10.036,-6.574,-3.770,-3.334,-10.115,-6.351,-4.050,-2.906,0.250,0.289,0.639,0.677
1477010458300000,-10.226,-6.739,-3.825,-3.263,-10.115,-6.351,-4.050,-2.906,0.249,0.289,0.639,0.676
1477010458350000,-10.419,-6.901,-3.879,-3.190,-10.449,-6.724,-3.884,-3.250,0.249,0.289,0.638,0.675
1477010458400000,-10.614,-7.058,-3.933,-3.116,-10.449,-6.724,-3.884,-3.250,0.249,0.289,0.636,0.674
1477010458450000,-10.812,-7.212,-3.986,-3.039,-10.888,-6.962,-4.104,-2.977,0.249,0.289,0.635,0.673
1477010458500000,-11.013,-7.363,-4.039,-2.961,-10.888,-6.962,-4.104,-2.977,0.248,0.289,0.634,0.671
1477010458550000,-11.216,-7.509,-4.090,-2.880,-11.209,-7.347,-3.767,-3.252,0.248,0.289,0.634,0.671
1477010458600000,-11.422,-7.651,-4.141,-2.798,-11.209,-7.347,-3.767,-3.252,0.248,0.289,0.633,0.670
1477010458650000,-11.630,-7.788,-4.191,-2.713,-11.586,-7.625,-3.802,-3.115,0.247,0.289,0.632,0.669
1477010458700000,-11.841,-7.922,-4.239,-2.627,-11.586,-7.625,-3.802,-3.115,0.247,0.289,0.632,0.669
1477010458750000,-12.055,-8.051,-4.287,-2.539,-11.952,-7.910,-3.581,-2.912,0.247,0.288,0.632,0.668
1477010458800000,-12.270,-8.176,-4.333,-2.449,-11.952,-7.910,-3.581,-2.912,0.247,0.288,0.633,0.668
1477010458850000,-12.488,-8.296,-4.378,-2.358,-12.399,-8.136,-4.191,-2.907,0.247,0.288,0.632,0.667
1477010458900000,-12.708,-8.412,-4.422,-2.264,-12.399,-8.136,-4.191,-2.907,0.247,0.288,0.631,0.667
1477010458950000,-12.930,-8.523,-4.464,-2.169,-12.812,-8.341,-3.907,-2.462,0.247,0.288,0.631,0.666
1477010459000000,-13.155,-8.629,-4.504,-2.072,-12.812,-8.341,-3.907,-2.462,0.247,0.288,0.630,0.666
1477010459050000,-13.381,-8.730,-4.543,-1.973,-13.353,-8.466,-4.485,-2.143,0.247,0.288,0.630,0.665
1477010459100000,-13.609,-8.826,-4.580,-1.872,-13.353,-8.466,-4.485,-2.143,0.247,0.288,0.629,0.664
1477010459150000,-13.839,-8.917,-4.615,-1.770,-13.805,-8.545,-4.241,-1.574,0.246,0.288,0.628,0.663
1477010459200000,-14.071,-9.003,-4.649,-1.666,-13.805,-8.545,-4.241,-1.574,0.247,0.289,0.627,0.662
1477010459250000,-14.304,-9.084,-4.680,-1.561,-14.293,-8.716,-4.725,-1.795,0.246,0.289,0.626,0.661
1477010459300000,-14.539,-9.159,-4.709,-1.454,-14.293,-8.716,-4.725,-1.795,0.246,0.290,0.625,0.660
1477010459350000,-14.775,-9.229,-4.737,-1.346,-14.647,-9.056,-4.170,-2.140,0.246,0.289,0.625,0.661
1477010459400000,-15.013,-9.294,-4.762,-1.236,-14.647,-9.056,-4.170,-2.140,0.246,0.289,0.625,0.662
1477010459450000,-15.252,-9.353,-4.784,-1.125,-15.104,-9.328,-4.165,-2.237,0.246,0.289,0.625,0.663
1477010459500000,-15.492,-9.406,-4.805,-1.013,-15.104,-9.328,-4.165,-2.237,0.247,0.288,0.625,0.666
1477010459550000,-15.732,-9.454,-4.823,-0.899,-15.604,-9.415,-4.133,-1.685,0.246,0.288,0.625,0.666
1477010459600000,-15.974,-9.496,-4.838,-0.784,-15.604,-9.415,-4.133,-1.685,0.247,0.288,0.626,0.667
1477010459650000,-16.216,-9.533,-4.851,-0.669,-16.223,-9.252,-4.648,-0.706,0.246,0.288,0.625,0.666
1477010459700000,-16.459,-9.563,-4.862,-0.552,-16.223,-9.252,-4.648,-0.706,0.246,0.288,0.624,0.665
1477010459750000,-16.703,-9.588,-4.869,-0.434,-16.561,-9.418,-4.323,-0.983,0.246,0.287,0.624,0.665
1477010459800000,-16.946,-9.607,-4.874,-0.316,-16.561,-9.418,-4.323,-0.983,0.247,0.287,0.624,0.665
1477010459850000,-17.190,-9.620,-4.876,-0.196,-16.809,-9.971,-3.835,-2.286,0.247,0.287,0.625,0.674
1477010459900000,-17.434,-9.626,-4.876,-0.077,-16.809,-9.971,-3.835,-2.286,0.249,0.288,0.627,0.683
1477010459950000,-17.678,-9.627,-4.872,0.044,-17.445,-9.803,-4.274,-1.072,0.249,0.287,0.627,0.685
1477010460000000,-17.922,-9.622,-4.866,0.165,-17.445,-9.803,-4.274,-1.072,0.250,0.287,0.627,0.687
1477010460050000,-18.165,-9.611,-4.856,0.287,-18.027,-9.606,-4.522,-0.159,0.250,0.287,0.626,0.687
1477010460100000,-18.407,-9.593,-4.844,0.408,-18.027,-9.606,-4.522,-0.159,0.250,0.286,0.625,0.686
1477010460150000,-18.649,-9.570,-4.829,0.531,-18.455,-9.647,-4.616,-0.306,0.250,0.286,0.625,0.687
1477010460200000,-18.890,-9.540,-4.810,0.653,-18.455,-9.647,-4.616,-0.306,0.251,0.285,0.624,0.688
1477010460250000,-19.130,-9.504,-4.789,0.775,-18.961,-9.489,-4.791,0.180,0.251,0.285,0.623,0.687
1477010460300000,-19.369,-9.463,-4.764,0.897,-18.961,-9.489,-4.791,0.180,0.251,0.285,0.622,0.687
1477010460350000,-19.607,-9.415,-4.736,1.019,-19.529,-9.208,-4.695,1.023,0.251,0.284,0.621,0.686
1477010460400000,-19.843,-9.361,-4.705,1.141,-19.529,-9.208,-4.695,1.023,0.251,0.284,0.620,0.686
1477010460450000,-20.078,-9.301,-4.671,1.262,-20.205,-8.578,-5.116,2.469,0.251,0.286,0.620,0.688
1477010460500000,-20.310,-9.234,-4.633,1.383,-20.205,-8.578,-5.116,2.469,0.251,0.288,0.619,0.689
1477010460550000,-20.541,-9.162,-4.593,1.503,-20.518,-8.833,-4.523,1.184,0.250,0.288,0.619,0.688
1477010460600000,-20.770,-9.084,-4.549,1.623,-20.518,-8.833,-4.523,1.184,0.250,0.288,0.618,0.688
1477010460650000,-20.996,-9.000,-4.502,1.742,-21.065,-8.575,-4.551,1.614,0.250,0.289,0.617,0.687
1477010460700000,-21.220,-8.910,-4.452,1.860,-21.065,-8.575,-4.551,1.614,0.250,0.289,0.616,0.686
1477010460750000,-21.441,-8.814,-4.399,1.977,-21.527,-8.449,-4.319,1.612,0.249,0.289,0.615,0.685
1477010460800000,-21.660,-8.712,-4.342,2.092,-21.527,-8.449,-4.319,1.612,0.249,0.289,0.614,0.685
1477010460850000,-21.875,-8.605,-4.283,2.207,-22.006,-7.982,-4.062,2.503,0.249,0.290,0.613,0.684
1477010460900000,-22.088,-8.491,-4.220,2.320,-22.006,-7.982,-4.062,2.503,0.249,0.291,0.613,0.683
1477010460950000,-22.297,-8.373,-4.154,2.432,-22.401,-7.750,-4.234,2.395,0.248,0.293,0.612,0.682
1477010461000000,-22.504,-8.248,-4.086,2.543,-22.401,-7.750,-4.234,2.395,0.248,0.293,0.611,0.681
1477010461050000,-22.706,-8.118,-4.014,2.651,-22.638,-7.916,-3.580,1.455,0.248,0.293,0.611,0.683
1477010461100000,-22.905,-7.983,-3.939,2.758,-22.638,-7.916,-3.580,1.455,0.248,0.293,0.610,0.686
1477010461150000,-23.100,-7.842,-3.862,2.864,-22.951,-7.927,-3.073,1.191,0.248,0.292,0.611,0.690
1477010461200000,-23.291,-7.697,-3.781,2.967,-22.951,-7.927,-3.073,1.191,0.248,0.292,0.611,0.696
1477010461250000,-23.478,-7.546,-3.698,3.068,-23.380,-7.513,-3.613,1.866,0.248,0.292,0.610,0.698
1477010461300000,-23.661,-7.390,-3.612,3.167,-23.380,-7.513,-3.613,1.866,0.248,0.292,0.609,0.700
1477010461350000,-23.839,-7.229,-3.523,3.264,-23.828,-7.032,-3.629,2.638,0.247,0.291,0.608,0.700
1477010461400000,-24.013,-7.063,-3.432,3.359,-23.828,-7.032,-3.629,2.638,0.247,0.291,0.608,0.700
1477010461450000,-24.182,-6.893,-3.338,3.451,-24.247,-6.461,-3.438,3.466,0.247,0.291,0.607,0.699
1477010461500000,-24.347,-6.718,-3.242,3.541,-24.247,-6.461,-3.438,3.466,0.247,0.291,0.606,0.698
1477010461550000,-24.507,-6.539,-3.143,3.629,-24.503,-6.462,-2.819,2.732,0.246,0.291,0.606,0.698
1477010461600000,-24.661,-6.355,-3.042,3.713,-24.503,-6.462,-2.819,2.732,0.246,0.291,0.605,0.699
1477010461650000,-24.811,-6.168,-2.938,3.796,-24.768,-6.138,-2.702,2.875,0.246,0.290,0.604,0.700
1477010461700000,-24.955,-5.976,-2.833,3.875,-24.768,-6.138,-2.702,2.875,0.246,0.290,0.603,0.701
1477010461750000,-25.094,-5.780,-2.725,3.951,-25.069,-5.567,-2.709,3.578,0.245,0.290,0.603,0.700
1477010461800000,-25.228,-5.581,-2.616,4.025,-25.069,-5.567,-2.709,3.578,0.245,0.289,0.602,0.700
1477010461850000,-25.356,-5.378,-2.504,4.096,-25.346,-5.278,-2.678,3.414,0.245,0.289,0.601,0.700
1477010461900000,-25.478,-5.171,-2.391,4.163,-25.346,-5.278,-2.678,3.414,0.245,0.289,0.601,0.700
1477010461950000,-25.595,-4.962,-2.276,4.228,-25.440,-5.554,-2.252,1.943,0.244,0.290,0.600,0.709
1477010462000000,-25.706,-4.749,-2.160,4.289,-25.440,-5.554,-2.252,1.943,0.244,0.293,0.599,0.718
1477010462050000,-25.811,-4.533,-2.041,4.348,-25.728,-5.013,-2.276,2.784,0.244,0.293,0.598,0.721
1477010462100000,-25.910,-4.314,-1.922,4.403,-25.728,-5.013,-2.276,2.784,0.244,0.295,0.598,0.725
1477010462150000,-26.003,-4.092,-1.801,4.455,-26.022,-4.567,-1.728,3.269,0.244,0.296,0.597,0.727
1477010462200000,-26.090,-3.869,-1.679,4.503,-26.022,-4.567,-1.728,3.269,0.243,0.297,0.596,0.729
1477010462250000,-26.171,-3.642,-1.556,4.549,-26.221,-4.077,-1.365,3.699,0.243,0.298,0.596,0.729
1477010462300000,-26.245,-3.414,-1.432,4.591,-26.221,-4.077,-1.365,3.699,0.243,0.299,0.595,0.729
1477010462350000,-26.314,-3.183,-1.307,4.630,-26.360,-3.456,-1.127,4.317,0.243,0.299,0.594,0.729
1477010462400000,-26.376,-2.951,-1.182,4.665,-26.360,-3.456,-1.127,4.317,0.242,0.300,0.593,0.728
1477010462450000,-26.432,-2.717,-1.055,4.697,-26.445,-3.179,-0.952,3.965,0.242,0.300,0.593,0.728
1477010462500000,-26.482,-2.481,-0.928,4.726,-26.445,-3.179,-0.952,3.965,0.242,0.302,0.592,0.728
1477010462550000,-26.525,-2.245,-0.801,4.751,-26.587,-2.388,-0.998,4.896,0.241,0.302,0.591,0.727
1477010462600000,-26.562,-2.007,-0.673,4.773,-26.587,-2.388,-0.998,4.896,0.241,0.302,0.591,0.726
1477010462650000,-26.592,-1.767,-0.546,4.791,-26.656,-1.702,-0.835,5.378,0.241,0.302,0.590,0.726
1477010462700000,-26.616,-1.528,-0.418,4.807,-26.656,-1.702,-0.835,5.378,0.240,0.301,0.590,0.726
1477010462750000,-26.634,-1.287,-0.290,4.819,-26.643,-1.540,-0.126,4.553,0.240,0.301,0.589,0.725
1477010462800000,-26.645,-1.046,-0.162,4.827,-26.643,-1.540,-0.126,4.553,0.240,0.302,0.588,0.724
1477010462850000,-26.650,-0.804,-0.034,4.832,-26.688,-1.289,-0.049,4.059,0.240,0.303,0.588,0.724
1477010462900000,-26.648,-0.563,0.094,4.834,-26.688,-1.289,-0.049,4.059,0.239,0.304,0.587,0.724
1477010462950000,-26.641,-0.321,0.221,4.833,-26.708,-0.541,0.319,4.833,0.239,0.304,0.586,0.723
1477010463000000,-26.626,-0.080,0.347,4.829,-26.708,-0.541,0.319,4.833,0.239,0.305,0.585,0.722
1477010463050000,-26.606,0.161,0.473,4.821,-26.683,0.020,0.603,4.999,0.238,0.304,0.585,0.722
1477010463100000,-26.579,0.402,0.598,4.810,-26.683,0.020,0.603,4.999,0.238,0.305,0.584,0.721
1477010463150000,-26.546,0.642,0.723,4.797,-26.639,0.470,0.606,4.875,0.238,0.304,0.583,0.720
1477010463200000,-26.507,0.882,0.846,4.780,-26.639,0.470,0.606,4.875,0.238,0.305,0.583,0.719
1477010463250000,-26.462,1.120,0.969,4.760,-26.519,1.570,0.716,6.341,0.237,0.305,0.582,0.722
1477010463300000,-26.410,1.357,1.091,4.737,-26.519,1.570,0.716,6.341,0.237,0.305,0.582,0.726
1477010463350000,-26.353,1.594,1.211,4.712,-26.428,1.197,1.079,4.035,0.237,0.305,0.581,0.726
1477010463400000,-26.289,1.828,1.330,4.683,-26.428,1.197,1.079,4.035,0.237,0.306,0.580,0.726
1477010463450000,-26.220,2.062,1.448,4.652,-26.309,1.680,1.257,4.199,0.237,0.307,0.580,0.725
1477010463500000,-26.144,2.293,1.565,4.619,-26.309,1.680,1.257,4.199,0.236,0.308,0.579,0.724
1477010463550000,-26.063,2.523,1.680,4.582,-26.174,2.168,1.230,4.370,0.236,0.308,0.579,0.724
1477010463600000,-25.976,2.751,1.793,4.543,-26.174,2.168,1.230,4.370,0.236,0.309,0.579,0.723
1477010463650000,-25.884,2.977,1.905,4.502,-26.025,2.749,1.853,4.620,0.236,0.309,0.578,0.722
1477010463700000,-25.786,3.201,2.016,4.458,-26.025,2.749,1.853,4.620,0.236,0.309,0.578,0.721
1477010463750000,-25.683,3.423,2.125,4.412,-25.851,3.403,2.009,5.031,0.236,0.309,0.577,0.721
1477010463800000,-25.574,3.642,2.231,4.364,-25.851,3.403,2.009,5.031,0.236,0.309,0.576,0.721
1477010463850000,-25.460,3.859,2.337,4.314,-25.642,3.611,2.236,4.315,0.236,0.308,0.576,0.720
1477010463900000,-25.340,4.074,2.440,4.261,-25.642,3.611,2.236,4.315,0.236,0.309,0.575,0.719
1477010463950000,-25.216,4.285,2.541,4.207,-25.412,3.933,2.337,4.042,0.236,0.309,0.575,0.718
1477010464000000,-25.086,4.494,2.641,4.151,-25.412,3.933,2.337,4.042,0.236,0.310,0.574,0.717
1477010464050000,-24.952,4.700,2.738,4.093,-25.090,4.352,2.421,4.134,0.236,0.310,0.574,0.717
1477010464100000,-24.813,4.903,2.834,4.033,-25.090,4.352,2.421,4.134,0.236,0.311,0.573,0.716
1477010464150000,-24.669,5.103,2.927,3.971,-24.771,4.848,2.764,4.313,0.236,0.311,0.573,0.715
1477010464200000,-24.520,5.300,3.018,3.908,-24.771,4.848,2.764,4.313,0.236,0.311,0.572,0.715
1477010464250000,-24.367,5.494,3.108,3.844,-24.454,5.260,3.273,4.176,0.236,0.311,0.571,0.714
1477010464300000,-24.210,5.684,3.195,3.778,-24.454,5.260,3.273,4.176,0.236,0.311,0.571,0.713
1477010464350000,-24.048,5.871,3.280,3.711,-24.193,5.305,3.404,3.207,0.235,0.312,0.570,0.713
1477010464400000,-23.882,6.055,3.362,3.643,-24.193,5.305,3.404,3.207,0.236,0.314,0.570,0.712
1477010464450000,-23.712,6.235,3.443,3.574,-23.804,5.976,3.168,4.184,0.235,0.314,0.569,0.712
1477010464500000,-23.538,6.412,3.521,3.504,-23.804,5.976,3.168,4.184,0.235,0.314,0.569,0.712
1477010464550000,-23.360,6.586,3.598,3.432,-23.488,6.429,3.419,4.185,0.235,0.314,0.568,0.712
1477010464600000,-23.178,6.755,3.672,3.360,-23.488,6.429,3.419,4.185,0.235,0.314,0.567,0.712
1477010464650000,-22.993,6.921,3.744,3.288,-23.155,6.443,3.567,3.185,0.235,0.314,0.567,0.712
1477010464700000,-22.804,7.084,3.813,3.214,-23.155,6.443,3.567,3.185,0.236,0.315,0.566,0.711
1477010464750000,-22.612,7.243,3.881,3.140,-22.733,6.776,3.933,3.162,0.235,0.316,0.566,0.710
1477010464800000,-22.416,7.398,3.946,3.066,-22.733,6.776,3.933,3.162,0.236,0.317,0.565,0.709
1477010464850000,-22.217,7.549,4.010,2.991,-22.216,7.382,4.642,3.728,0.235,0.317,0.565,0.709
1477010464900000,-22.015,7.697,4.071,2.916,-22.216,7.382,4.642,3.728,0.235,0.317,0.565,0.709
1477010464950000,-21.810,7.841,4.130,2.841,-21.645,8.263,4.782,5.053,0.235,0.317,0.565,0.716
1477010465000000,-21.603,7.981,4.187,2.765,-21.645,8.263,4.782,5.053,0.235,0.317,0.566,0.724
1477010465050000,-21.392,8.117,4.242,2.690,-21.312,8.336,4.729,3.850,0.235,0.317,0.565,0.725
1477010465100000,-21.179,8.250,4.294,2.614,-21.312,8.336,4.729,3.850,0.235,0.316,0.565,0.727
1477010465150000,-20.963,8.378,4.345,2.539,-20.758,8.970,4.795,4.555,0.234,0.317,0.565,0.732
1477010465200000,-20.744,8.503,4.394,2.463,-20.758,8.970,4.795,4.555,0.234,0.318,0.565,0.738
1477010465250000,-20.524,8.625,4.441,2.388,-20.186,9.432,5.516,4.353,0.235,0.319,0.566,0.743
1477010465300000,-20.301,8.742,4.486,2.314,-20.186,9.432,5.516,4.353,0.234,0.321,0.568,0.749
1477010465350000,-20.075,8.856,4.529,2.239,-19.832,9.431,4.937,3.259,0.234,0.322,0.567,0.749
1477010465400000,-19.848,8.966,4.570,2.165,-19.832,9.431,4.937,3.259,0.234,0.322,0.567,0.750
1477010465450000,-19.619,9.072,4.609,2.092,-19.536,9.332,4.383,2.178,0.234,0.322,0.566,0.749
1477010465500000,-19.387,9.175,4.647,2.019,-19.536,9.332,4.383,2.178,0.234,0.322,0.566,0.749
1477010465550000,-19.154,9.274,4.683,1.947,-18.928,9.838,4.994,2.822,0.234,0.322,0.566,0.749
1477010465600000,-18.919,9.370,4.717,1.875,-18.928,9.838,4.994,2.822,0.233,0.323,0.565,0.749
1477010465650000,-18.683,9.462,4.749,1.804,-18.666,9.599,4.643,1.343,0.233,0.322,0.564,0.749
1477010465700000,-18.445,9.550,4.780,1.734,-18.666,9.599,4.643,1.343,0.233,0.322,0.564,0.748
1477010465750000,-18.205,9.635,4.810,1.665,-18.292,9.354,4.634,0.263,0.233,0.322,0.563,0.750
1477010465800000,-17.964,9.716,4.837,1.597,-18.292,9.354,4.634,0.263,0.233,0.322,0.563,0.752
1477010465850000,-17.721,9.795,4.864,1.530,-17.689,9.701,4.628,1.365,0.233,0.322,0.562,0.751
1477010465900000,-17.478,9.869,4.889,1.463,-17.689,9.701,4.628,1.365,0.233,0.321,0.562,0.750
1477010465950000,-17.233,9.941,4.912,1.398,-17.150,9.973,5.019,1.614,0.233,0.321,0.561,0.750
1477010466000000,-16.987,10.009,4.934,1.334,-17.150,9.973,5.019,1.614,0.233,0.321,0.561,0.749
1477010466050000,-16.740,10.074,4.955,1.271,-16.633,10.127,5.156,1.540,0.232,0.320,0.560,0.748
1477010466100000,-16.491,10.136,4.975,1.209,-16.633,10.127,5.156,1.540,0.232,0.320,0.560,0.748
1477010466150000,-16.242,10.195,4.993,1.149,-16.061,10.387,5.431,1.742,0.232,0.320,0.559,0.747
1477010466200000,-15.992,10.251,5.010,1.090,-16.061,10.387,5.431,1.742,0.232,0.320,0.559,0.747
1477010466250000,-15.742,10.304,5.027,1.032,-15.576,10.476,5.294,1.484,0.232,0.319,0.559,0.747
1477010466300000,-15.490,10.354,5.042,0.975,-15.576,10.476,5.294,1.484,0.232,0.319,0.558,0.746
1477010466350000,-15.238,10.402,5.056,0.920,-14.815,10.825,6.222,1.843,0.232,0.319,0.560,0.747
1477010466400000,-14.985,10.446,5.069,0.866,-14.815,10.825,6.222,1.843,0.232,0.319,0.562,0.747
1477010466450000,-14.731,10.488,5.081,0.813,-14.531,10.452,5.016,0.452,0.232,0.319,0.561,0.747
1477010466500000,-14.477,10.528,5.092,0.762,-14.531,10.452,5.016,0.452,0.232,0.319,0.561,0.746
1477010466550000,-14.222,10.564,5.103,0.713,-13.997,10.525,5.121,0.528,0.232,0.318,0.560,0.745
1477010466600000,-13.967,10.599,5.113,0.665,-13.997,10.525,5.121,0.528,0.231,0.318,0.560,0.744
1477010466650000,-13.711,10.631,5.122,0.618,-13.448,10.677,5.057,0.948,0.231,0.318,0.559,0.744
1477010466700000,-13.455,10.661,5.130,0.574,-13.448,10.677,5.057,0.948,0.231,0.318,0.559,0.743
1477010466750000,-13.198,10.688,5.137,0.530,-12.914,10.772,5.353,0.771,0.231,0.317,0.558,0.743
1477010466800000,-12.941,10.714,5.144,0.489,-12.914,10.772,5.353,0.771,0.231,0.317,0.558,0.742
1477010466850000,-12.684,10.737,5.151,0.448,-12.282,11.004,5.635,1.218,0.232,0.317,0.557,0.742
1477010466900000,-12.426,10.759,5.157,0.410,-12.282,11.004,5.635,1.218,0.231,0.317,0.557,0.742
1477010466950000,-12.168,10.778,5.162,0.373,-11.803,11.014,5.438,0.839,0.232,0.317,0.557,0.742
1477010467000000,-11.910,10.796,5.167,0.338,-11.803,11.014,5.438,0.839,0.232,0.316,0.556,0.741
1477010467050000,-11.652,10.812,5.171,0.305,-11.202,11.106,5.641,0.852,0.232,0.316,0.556,0.741
1477010467100000,-11.393,10.827,5.175,0.273,-11.202,11.106,5.641,0.852,0.232,0.316,0.556,0.741
1477010467150000,-11.134,10.839,5.178,0.243,-10.879,10.815,5.474,-0.771,0.232,0.316,0.556,0.741
1477010467200000,-10.875,10.851,5.182,0.214,-10.879,10.815,5.474,-0.771,0.232,0.316,0.555,0.742
1477010467250000,-10.616,10.861,5.184,0.188,-10.424,10.729,4.982,-0.605,0.232,0.315,0.555,0.742
1477010467300000,-10.357,10.870,5.187,0.163,-10.424,10.729,4.982,-0.605,0.232,0.315,0.554,0.742
1477010467350000,-10.098,10.877,5.189,0.140,-9.845,10.880,4.938,0.367,0.232,0.315,0.554,0.741
1477010467400000,-9.838,10.884,5.191,0.118,-9.845,10.880,4.938,0.367,0.232,0.314,0.553,0.741
1477010467450000,-9.579,10.889,5.193,0.099,-9.678,10.563,4.147,-0.953,0.231,0.314,0.555,0.741
1477010467500000,-9.319,10.894,5.194,0.081,-9.678,10.563,4.147,-0.953,0.232,0.314,0.556,0.742
1477010467550000,-9.059,10.897,5.196,0.065,-9.283,10.453,3.973,-0.865,0.232,0.315,0.558,0.743
1477010467600000,-8.799,10.900,5.197,0.050,-9.283,10.453,3.973,-0.865,0.232,0.315,0.561,0.743
1477010467650000,-8.540,10.902,5.198,0.038,-8.937,10.281,3.763,-1.072,0.233,0.316,0.564,0.744
1477010467700000,-8.280,10.904,5.198,0.027,-8.937,10.281,3.763,-1.072,0.235,0.317,0.567,0.745
1477010467750000,-8.020,10.905,5.199,0.018,-8.182,10.562,4.977,0.219,0.234,0.317,0.566,0.744
1477010467800000,-7.760,10.906,5.199,0.011,-8.182,10.562,4.977,0.219,0.235,0.317,0.566,0.743
1477010467850000,-7.500,10.906,5.200,0.005,-7.525,10.686,5.497,0.578,0.235,0.317,0.565,0.743
1477010467900000,-7.240,10.906,5.200,0.002,-7.525,10.686,5.497,0.578,0.235,0.317,0.565,0.743
